rasters/Clipped_Flanders_tif/alt.asc
ncols        404
nrows        97
xllcorner    2.541666656550
yllcorner    50.691666583950
cellsize     0.008333333300
[rows 0 to 63 of 97, columns 96 to 191 of 404]
0 0 0 0 0 0 0 0 0 0 0 0 0 0 0 0 0 0 22 1 -2 -1 1 -2 0 -2 -1 -2 -3 -1 1 2 4 2 3 1 2 -2 0 -1 0 -1 -1 -1 -1 0 0 0 1 1 -1 0 1 -1 -1 -1 -1 -1 0 -2 -2 -3 -3 -2 -2 -1 1 1 -2 -2 -3 -3 -3 -3 -2 -1 -2 -2 -2 0 -4 -4 -4 -3 0 -1 0 0 0 0 0 0 0 0 0 0
0 0 0 0 0 0 0 0 0 0 0 0 0 0 0 0 0 0 0 0 2 -1 -2 0 -1 -2 -2 -2 -3 6 1 1 1 2 0 -2 1 1 1 0 0 0 0 0 0 -2 -1 0 0 -1 0 0 0 0 2 1 2 1 -2 -3 -3 -3 -4 -3 -1 -3 -2 0 1 -2 -2 -1 -2 -1 1 -1 -4 -3 -4 0 -4 -4 -4 -3 2 1 0 0 0 0 0 0 0 0 0 0
0 0 0 0 0 0 0 0 0 0 0 0 0 0 0 0 0 0 0 0 7 3 -1 1 1 3 0 -2 -1 -2 -3 -1 -1 -2 -2 -1 -3 0 0 -1 0 -1 1 4 3 -1 1 0 0 0 -1 0 -1 -1 2 -1 0 0 -2 -2 -3 -3 -3 -4 -3 -3 -3 -1 -1 -3 -2 -1 -1 -2 0 -3 -4 -3 -5 0 -4 -2 -1 -2 -2 0 0 0 0 0 0 0 0 0 0 0
0 0 0 0 0 0 0 0 0 0 0 0 0 0 0 0 0 0 0 0 0 8 1 0 -1 0 0 -1 -1 2 0 0 -1 -1 -1 -1 -1 0 0 2 1 4 3 4 0 3 0 1 -1 -1 1 0 -1 1 0 0 1 2 -1 -2 -2 -4 -3 -3 -2 -3 -3 -1 -2 -4 -3 -2 -2 1 -1 -3 -2 -2 -3 1 -2 -2 -2 -1 0 -1 0 0 0 0 0 0 0 0 0 0
0 0 0 0 0 0 0 0 0 0 0 0 0 0 0 0 0 0 0 0 0 0 4 -2 1 1 1 0 0 0 1 2 -1 -2 0 -1 -2 0 -1 2 7 4 0 10 6 9 3 -1 -1 -1 0 -1 0 0 1 -1 -1 -1 -1 -2 -2 -3 -2 -4 -2 -3 -2 0 1 -2 -2 -2 -2 -3 -1 0 -1 -3 -2 0 -2 -1 -1 0 0 2 -2 0 0 0 0 0 0 0 0 0
0 0 0 0 0 0 0 0 0 0 0 0 0 0 0 0 0 0 0 0 0 0 0 0 1 2 4 0 1 3 3 0 -2 -1 0 2 5 2 0 0 0 4 3 4 0 2 4 1 -2 0 0 2 0 -1 -1 2 -1 -1 -3 -1 -2 0 0 -3 -2 -2 -1 -2 -2 -2 -2 -3 0 0 0 0 0 1 -3 -2 1 -2 -2 0 -1 -2 -2 -2 -1 0 0 0 0 0 0 0
0 0 0 0 0 0 0 0 0 0 0 0 0 0 0 0 0 0 0 0 0 0 0 0 0 0 0 4 5 9 2 0 -1 -2 -2 2 0 0 0 0 0 0 4 1 3 0 4 1 1 -1 -1 0 -2 0 0 -1 -1 -1 -1 -2 -1 -3 -1 -1 -1 -1 -2 -2 -1 -2 0 0 0 0 0 0 0 0 0 1 0 -2 -2 2 -3 -1 -2 -2 -1 0 0 0 0 0 0 0
0 0 0 0 0 0 0 0 0 0 0 0 0 0 0 0 0 0 0 0 0 0 0 0 0 0 0 0 0 0 0 0 0 0 0 0 0 0 0 0 0 0 0 0 4 2 1 -2 -2 -1 0 0 -2 -2 -1 -1 -1 0 2 -1 -2 -2 -1 -1 0 -1 -3 -1 -2 -1 0 0 0 0 0 0 0 0 0 0 0 0 -1 -2 -4 1 0 1 0 -1 -1 -1 1 0 0 0
0 0 0 0 0 0 0 0 0 0 0 0 0 0 0 0 0 0 0 0 0 0 0 0 0 0 0 0 0 0 0 0 0 0 0 0 0 0 0 0 0 0 0 0 0 0 -1 -1 0 -1 -1 -2 0 -1 -1 -3 0 2 0 -1 -1 -2 -1 -1 -1 -2 -1 -2 -2 0 0 0 0 0 0 0 0 0 0 0 0 0 0 0 0 -2 -1 -2 -1 0 -1 0 2 3 -1 1
0 0 0 0 0 0 0 0 0 0 0 0 0 0 0 0 0 0 0 0 0 0 0 0 0 0 0 0 0 0 0 0 0 0 0 0 0 0 0 0 0 0 0 0 0 0 -1 1 -1 -1 -2 -1 -2 -2 -1 0 0 -1 -2 -2 -1 0 0 -1 -2 -2 -1 -3 -1 0 0 0 0 0 0 0 0 0 0 0 0 0 0 0 0 -1 -1 0 -1 0 -1 1 0 1 1 0
0 0 0 0 0 0 0 0 0 0 0 0 0 0 0 0 0 0 0 0 0 0 0 0 0 0 0 0 0 0 0 0 0 0 0 0 0 0 0 0 0 0 0 0 0 0 0 0 -1 0 -3 -2 -3 -3 -1 -2 -2 -1 0 -1 0 0 -1 -1 -1 -1 0 -1 0 0 0 0 0 0 0 0 0 0 0 0 0 0 0 0 0 0 0 1 -1 -1 1 0 1 1 1 1
0 0 0 0 0 0 0 0 0 0 0 0 0 0 0 0 0 0 0 4 1 -1 0 2 0 0 0 0 0 0 0 0 0 0 0 0 0 0 0 0 0 0 0 0 0 0 0 0 0 0 0 0 0 -4 -3 -3 -2 -1 -1 -2 -1 0 0 1 -1 -1 -2 1 0 0 0 0 0 0 0 0 0 1 0 0 0 0 0 0 0 0 0 0 0 0 0 1 1 2 1 0
0 0 0 0 0 0 0 0 0 0 0 0 0 0 0 0 6 0 1 0 -1 0 0 -1 1 1 2 -1 0 0 0 0 0 0 0 0 0 0 0 0 0 0 0 0 0 0 0 0 0 0 0 0 0 0 -1 -3 -3 -1 -2 -1 -1 -1 0 0 0 -1 1 0 0 0 0 0 0 0 0 0 -1 -1 -1 0 0 -2 0 0 0 0 0 0 0 0 0 0 0 0 0 0
0 0 0 0 0 0 0 0 0 3 1 0 4 2 1 0 0 0 0 0 -1 -1 0 -1 0 1 0 2 -1 0 0 0 0 0 0 0 0 0 0 0 0 0 0 0 0 0 0 0 0 0 0 0 0 0 0 0 0 -1 0 0 0 0 0 0 0 0 0 0 0 0 0 0 0 0 0 0 0 -1 0 -1 1 0 -1 0 0 0 0 0 0 0 0 0 0 0 0 0
0 0 0 0 0 7 4 2 1 1 1 -1 0 1 1 0 0 -1 0 2 0 0 -1 -1 -1 -1 -1 -1 -1 -1 -1 -1 0 0 0 0 0 0 0 0 0 0 0 0 0 0 0 0 0 0 0 0 0 0 0 0 0 0 0 0 0 0 0 0 0 0 0 0 0 0 0 0 0 0 0 -1 0 0 -1 0 1 0 0 0 0 0 0 0 0 0 0 0 0 0 0 0
0 0 0 0 3 1 1 1 1 1 0 0 0 1 1 1 -1 -1 0 -1 -1 -1 -1 -1 1 -2 -1 0 0 -1 1 -1 -2 0 -1 -1 -1 0 2 -2 -1 0 0 0 0 0 0 0 0 0 0 0 0 0 0 0 0 0 0 0 0 0 0 0 0 0 0 0 0 0 0 0 0 0 -1 2 0 0 0 0 3 5 1 -1 0 0 0 0 0 0 0 0 0 0 0 0
1 1 1 2 2 2 0 1 1 1 1 0 0 -1 0 0 0 0 -1 -1 0 0 -1 -1 1 0 0 -1 -1 -1 -2 -2 -1 -1 0 0 -2 0 -1 -1 -1 -2 0 0 0 0 0 0 0 0 0 0 0 0 0 0 0 0 0 0 0 0 0 0 0 0 0 0 0 0 1 -1 0 -2 0 -1 0 -1 -2 -1 -1 2 0 0 0 -1 -1 -1 -1 0 0 0 0 0 1 0
4 1 2 2 1 0 1 1 1 -1 0 0 0 -1 0 0 -1 1 -1 -2 -2 -2 0 0 -1 1 0 -1 0 -1 -1 -2 -2 -1 0 -1 -2 1 -1 -1 -1 -1 -1 0 1 0 0 0 0 0 0 0 0 0 0 0 0 0 0 0 0 0 0 0 0 0 0 2 0 1 -1 0 0 0 0 0 -2 -1 -2 -1 -2 -2 1 0 0 0 1 0 0 0 0 0 0 0 0 1
1 2 1 0 1 2 0 1 0 0 0 0 0 0 0 0 0 -1 -1 0 -1 0 -1 1 0 0 0 0 -1 -1 -1 -1 -1 0 -2 -1 -1 -1 -1 -1 -1 -1 -1 -1 -1 0 1 5 3 4 0 2 4 1 0 0 0 0 0 0 0 0 0 0 0 0 1 1 0 1 0 -2 0 -1 1 0 0 -1 1 -2 -1 -3 -1 0 -1 -2 -1 1 -2 0 -2 -2 0 1 0 1
2 2 1 1 1 1 0 0 1 0 1 1 1 0 0 1 0 -1 -1 -1 -1 -1 0 -2 0 0 0 -1 -1 -1 1 1 -1 0 -1 -2 0 -2 0 0 0 -1 -1 -1 0 1 0 1 0 0 0 0 2 2 4 0 0 2 6 0 0 0 0 0 0 -1 1 1 1 -1 -1 0 1 1 1 0 1 -1 -2 -1 -1 -1 0 0 -2 -1 -1 -2 -1 -1 -1 -1 0 -2 2 1
1 0 1 1 1 1 1 2 0 1 -1 0 0 -1 -1 0 1 0 2 0 -1 -1 -2 1 0 0 -1 0 -1 1 1 -1 0 0 0 -1 0 -1 -1 -1 -1 5 -1 0 0 0 0 5 -2 -3 -1 -3 -1 2 1 -1 3 2 2 3 1 3 -1 0 2 -1 0 0 1 1 0 1 0 2 -1 -1 -1 0 -1 -2 -2 0 -1 -2 -1 -1 -2 -1 -1 -1 -1 1 0 0 2 1
2 1 0 0 0 0 1 0 1 1 0 0 0 0 -1 0 0 1 0 0 0 0 0 -1 -1 -2 -1 -1 -1 0 -1 0 1 1 0 0 1 -1 -1 0 -1 0 -1 -1 -1 0 -2 -3 -2 -1 -1 -1 0 -1 0 1 0 1 2 2 2 2 -1 0 0 0 -1 0 0 -1 0 -1 0 1 -1 0 -1 1 0 1 3 1 0 -1 -1 -2 -2 -1 0 0 -1 -1 -1 1 1 2
1 0 1 3 0 5 2 0 0 0 0 1 0 0 0 -1 -1 -1 -1 -1 -1 -1 -1 -1 -2 0 -2 -2 0 1 -1 1 1 0 1 -1 1 0 -1 -1 -1 0 -1 -1 0 1 0 -1 0 -2 -1 0 1 2 0 0 -1 0 0 4 3 2 2 -2 0 -1 0 -1 4 0 0 0 1 1 -1 0 0 0 1 0 -1 0 2 1 -2 0 -1 -1 -2 0 0 0 0 1 1 1
-1 0 0 1 -1 2 2 0 0 0 1 1 0 0 -1 -1 0 -1 4 -1 -1 0 -2 0 -1 0 0 0 -1 0 0 -1 0 0 0 0 0 -1 0 -2 -1 -1 -1 -1 -1 7 0 1 0 -1 -1 -1 5 1 -1 1 0 0 -2 6 1 2 1 0 -3 -1 -1 -2 0 0 0 -1 0 1 0 1 0 0 0 0 -1 -1 1 1 -1 -1 0 1 -1 -1 0 2 1 0 1 2
4 2 0 1 0 -1 1 0 -1 0 1 -1 0 -1 1 -1 0 0 0 -1 -1 -1 -2 -2 -1 0 0 0 -1 0 -1 -1 0 -1 -1 0 -1 -1 0 -1 -2 2 0 0 6 0 0 1 1 0 0 1 1 7 0 2 0 -1 0 1 2 0 0 0 -1 -1 -1 -1 0 -1 0 -3 0 1 0 0 2 0 5 -1 0 1 1 0 -1 0 0 11 8 3 0 2 1 0 1 0
0 0 1 0 -1 1 0 -1 -1 0 -1 0 0 0 -1 -1 0 -1 -2 -1 -1 -1 -1 1 0 0 0 0 0 1 1 0 -1 -1 0 1 0 -1 -1 0 -1 0 -1 1 0 4 0 -1 0 0 0 0 0 0 1 -1 0 4 0 1 -1 0 0 -1 0 2 -1 2 0 0 0 -1 0 0 1 1 1 1 2 2 1 3 0 -1 1 1 3 3 -1 0 0 1 1 -1 1 1
0 0 0 0 0 0 0 -1 -1 0 0 -1 0 -1 -1 0 -1 -1 0 0 -2 -1 -1 0 1 1 -1 -2 0 -1 -1 -2 0 -1 0 -1 0 1 -1 0 1 0 -1 1 0 -1 0 0 1 0 3 1 1 -1 0 1 0 1 2 2 3 5 0 -1 0 0 0 1 0 0 -2 0 0 1 0 1 1 2 0 0 0 0 3 1 0 5 0 0 1 -1 1 1 1 0 1 3
-1 -1 1 0 -1 0 -1 -1 0 3 1 1 4 2 2 0 1 6 -1 -1 0 0 -1 -1 0 0 -1 -1 -1 -1 -1 -1 0 0 0 -1 0 -1 -1 0 -1 -1 0 0 1 -1 -1 -1 0 -1 1 -1 -1 0 1 0 1 2 0 2 4 3 1 1 1 -1 1 1 1 0 0 2 2 4 1 2 2 1 0 0 1 0 2 2 1 1 1 0 0 4 3 4 5 0 2 1
-1 0 -1 -1 2 0 0 0 -2 -2 -1 -2 -1 -1 -1 -1 -1 -1 -1 1 0 0 0 -1 -1 0 -1 -1 1 -1 -2 0 7 3 -1 -1 -1 0 -2 -2 0 0 0 0 0 0 -1 -1 2 -1 0 0 2 0 1 0 -1 0 0 0 3 4 0 1 1 0 4 0 4 2 0 1 1 0 1 1 1 2 3 0 1 0 -1 0 4 2 1 3 7 6 2 3 4 -1 -2 0
0 -1 -1 0 0 2 -1 0 1 -1 -1 -2 0 0 -1 0 0 -1 3 0 -2 0 0 0 -1 -2 3 1 0 -1 -1 -1 0 -2 -1 0 0 1 -1 -1 -1 2 4 0 1 0 0 0 0 -2 -2 0 0 -1 -1 0 1 0 0 -1 0 0 0 0 -1 8 5 6 4 -1 2 1 1 6 1 -1 0 0 1 -1 2 1 1 4 2 2 3 7 6 6 0 0 -1 -1 0 0
2 11 2 0 0 1 1 0 -1 -1 -2 -1 1 1 1 0 -1 2 -1 -1 1 1 6 3 1 2 2 0 2 1 2 3 2 2 0 -2 0 0 -1 0 1 -1 1 1 -1 -2 1 -1 2 0 0 0 -1 1 0 -2 0 -1 0 0 1 1 0 1 1 1 1 1 0 1 2 0 0 -1 0 2 2 1 -1 1 2 1 0 7 7 10 5 13 8 1 1 0 -1 1 0 -1
1 1 0 -1 0 0 0 0 1 0 8 1 0 0 3 1 0 1 -1 1 2 3 3 0 -1 0 0 1 -1 3 -1 0 3 2 1 1 0 -1 -1 -2 1 1 1 0 2 0 1 2 0 0 0 -1 1 0 1 2 0 -1 -1 3 0 0 1 0 0 1 5 2 2 0 0 0 1 2 0 -1 3 1 1 3 7 10 11 6 7 8 2 1 9 12 2 3 0 -2 -1 -1
0 1 1 0 0 0 0 0 0 0 9 1 1 2 16 10 4 0 2 3 -1 4 2 -1 0 2 0 0 0 1 0 1 0 2 2 2 0 -1 1 3 6 2 2 2 2 0 0 1 3 4 1 0 0 -1 2 5 4 0 1 1 1 1 0 1 1 0 3 1 1 5 0 1 3 4 1 3 -1 1 -1 9 4 11 12 5 10 7 8 6 6 2 3 1 -1 -1 2 1
1 2 0 3 6 1 2 3 3 6 4 3 3 2 4 2 1 2 2 1 5 1 2 1 0 3 0 1 1 -1 3 3 1 3 1 2 2 -1 2 2 2 3 3 3 1 1 0 2 3 3 1 1 -1 0 2 3 2 0 0 0 0 0 6 2 1 1 1 1 0 2 3 -1 0 6 -1 0 0 3 3 1 3 9 6 4 3 10 6 7 2 4 3 2 3 3 3 3
8 6 8 8 7 6 8 9 8 10 9 7 9 6 2 3 2 3 2 3 6 1 2 2 4 4 4 2 5 3 19 2 2 1 3 1 3 0 2 3 5 5 3 1 3 2 2 0 4 1 3 0 0 2 1 2 1 1 0 0 0 1 1 -1 0 3 1 0 0 1 1 1 0 0 2 1 3 1 2 2 3 3 3 7 8 7 6 8 6 6 3 2 4 3 6 5
6 10 14 16 10 10 11 10 10 8 6 7 9 10 9 10 9 11 8 6 8 4 2 3 1 2 2 2 3 3 1 2 3 3 5 3 3 3 4 2 3 4 5 4 3 3 5 4 5 1 3 3 3 4 3 5 4 5 2 2 -1 2 1 1 0 1 0 0 1 1 1 3 1 2 6 11 16 5 6 5 9 2 1 8 5 4 8 9 10 6 5 5 7 8 8 6
8 7 12 12 12 11 10 8 8 9 8 3 4 6 8 12 10 11 6 7 5 4 5 6 5 3 3 3 3 4 2 5 3 5 5 6 4 4 6 4 6 5 6 7 5 4 4 3 4 3 4 5 9 7 6 4 5 8 3 2 9 4 9 1 3 2 1 3 5 4 9 3 2 1 12 1 2 3 4 6 6 2 6 2 4 6 6 5 10 7 6 7 8 7 8 8
8 8 12 9 8 9 9 7 6 2 5 7 7 8 11 19 20 15 10 8 8 4 8 7 8 7 8 7 7 6 5 5 7 4 5 6 6 7 7 7 6 7 4 5 6 5 5 5 5 7 4 5 6 38 10 3 8 5 7 18 17 4 3 2 3 1 4 4 10 2 1 1 5 2 2 2 1 5 16 8 6 10 6 1 0 1 5 3 3 5 6 5 7 7 7 9
13 14 13 10 12 19 10 12 6 13 12 8 10 11 8 10 14 19 17 7 4 8 4 6 6 4 5 6 7 6 4 7 20 17 17 13 9 19 6 8 6 7 6 6 7 8 7 10 10 6 7 10 6 5 4 6 9 19 11 19 9 3 5 4 5 6 15 14 11 5 5 4 5 4 3 5 4 5 4 3 3 6 5 2 3 2 3 4 5 9 9 6 9 8 11 13
19 14 21 21 18 11 9 9 8 6 11 23 23 14 14 10 11 14 20 10 6 3 2 5 2 14 7 1 2 4 4 3 4 5 17 11 4 6 3 7 7 13 8 5 6 6 2 3 3 3 6 4 2 6 2 9 8 12 5 3 4 5 7 8 4 5 4 2 2 4 3 8 4 1 0 2 1 1 2 6 4 1 2 1 2 2 6 13 12 11 8 9 10 11 13 17
10 11 13 16 14 18 17 14 11 8 10 10 22 27 14 16 12 14 20 14 11 7 4 2 5 10 14 15 8 3 4 4 4 4 6 3 4 3 3 4 2 4 3 4 3 3 2 4 2 2 3 1 -1 0 8 8 9 6 4 3 4 2 3 1 1 1 1 1 0 0 1 5 1 1 2 1 6 5 10 2 3 3 2 2 3 3 6 14 20 15 12 13 14 16 14 18
9 9 9 10 15 24 11 9 12 15 17 27 30 30 32 20 16 21 22 14 8 7 5 6 3 5 9 4 3 3 6 5 4 6 4 5 4 5 4 5 5 4 5 8 8 5 6 3 3 5 3 0 6 5 6 9 6 8 5 6 2 4 3 2 2 3 0 2 1 0 4 3 1 2 3 3 4 2 3 3 3 3 4 2 4 6 5 21 14 14 17 16 16 16 15 20
8 9 9 10 12 11 10 10 10 11 13 16 17 27 29 37 27 20 13 11 5 6 7 6 6 5 3 4 4 3 3 6 6 6 6 5 5 6 6 5 4 4 4 5 3 2 2 6 4 2 3 8 1 3 2 1 4 5 3 4 2 3 2 13 1 5 13 4 7 7 4 3 3 6 5 2 2 4 2 2 3 3 6 7 5 5 9 12 12 18 18 22 24 24 25 22
9 7 8 10 10 9 10 11 12 18 21 18 14 28 16 20 16 13 13 21 11 22 9 15 11 6 4 5 3 3 2 5 3 4 4 4 4 5 4 5 6 5 4 3 3 4 5 1 5 4 6 6 6 4 9 15 5 2 4 2 3 3 4 3 3 3 5 4 2 3 4 3 4 4 1 2 4 2 3 3 3 5 4 3 8 15 10 17 15 15 17 16 20 28 27 33
9 5 8 10 8 6 11 8 7 7 11 11 14 29 29 24 21 16 13 10 15 19 18 20 13 8 8 4 3 4 5 8 5 5 5 4 6 3 4 5 5 3 4 5 4 5 3 8 2 2 3 8 7 5 5 3 2 3 3 2 5 5 5 4 3 3 6 5 3 3 3 3 4 4 2 2 3 5 3 2 5 3 3 5 7 8 17 31 32 28 29 31 37 31 27 25
9 10 11 14 9 8 8 8 8 8 8 8 7 7 8 10 7 9 7 9 10 11 22 28 22 20 12 10 6 5 8 3 4 5 4 4 5 4 5 8 5 5 3 6 3 5 6 5 8 5 5 6 3 4 4 4 3 3 5 4 6 3 6 4 2 3 3 4 6 2 7 4 1 2 2 2 5 4 11 4 4 4 3 5 7 11 22 36 38 34 37 32 36 28 27 23
15 13 17 11 10 8 7 7 7 6 7 7 8 7 6 7 5 7 6 6 6 7 7 6 9 12 14 6 7 4 4 3 4 3 5 5 9 4 6 5 7 5 6 6 8 7 3 4 1 9 6 9 9 6 7 4 4 5 5 6 3 5 7 4 6 5 4 3 5 6 2 4 3 7 4 2 2 6 5 10 4 5 4 3 5 4 6 15 14 16 12 8 11 10 7 6
14 14 13 18 18 28 14 7 9 7 6 9 12 12 8 5 5 4 6 7 5 4 4 5 4 3 4 4 5 4 4 4 6 8 4 6 6 6 6 6 6 5 3 8 5 4 8 4 4 8 6 7 7 3 3 4 8 4 5 4 5 5 5 6 4 6 6 5 5 5 4 4 2 5 4 4 4 4 6 5 6 3 2 1 2 7 1 5 1 6 2 3 2 2 4 3
18 17 16 18 26 30 10 9 6 11 9 11 14 10 6 7 6 7 6 6 8 5 4 4 4 2 5 5 4 2 2 6 6 6 9 5 6 6 6 6 6 1 5 9 5 6 6 5 4 7 8 4 8 6 7 4 2 6 7 8 6 6 6 5 5 5 4 4 7 4 2 1 2 3 3 6 2 4 5 4 1 3 5 4 2 2 7 2 3 3 2 2 4 4 6 7
23 23 26 39 37 37 26 12 13 11 11 16 20 24 13 6 3 8 5 7 5 7 7 7 4 4 6 7 6 7 3 5 7 8 11 6 5 7 5 5 1 5 7 7 6 5 5 3 6 11 5 8 8 8 6 6 5 7 6 5 6 6 4 5 5 3 5 5 4 2 3 3 3 3 6 2 4 3 5 1 4 5 3 3 2 4 3 2 2 2 2 3 4 3 4 4
18 17 21 27 31 30 22 21 18 18 17 14 13 11 19 10 12 16 9 8 7 7 11 6 5 6 4 7 8 4 4 3 5 2 4 4 6 9 1 8 12 8 7 7 7 6 4 4 5 5 7 7 9 7 6 5 4 3 4 6 7 4 4 6 7 7 6 5 4 4 6 6 4 3 5 4 3 2 2 2 2 3 2 3 3 5 5 3 4 3 4 6 4 1 2 3
15 15 21 22 13 16 21 17 21 13 13 15 16 21 15 17 16 18 10 9 8 10 8 7 7 8 8 7 6 4 2 4 4 2 5 4 3 7 7 9 6 9 9 12 9 7 4 6 8 7 7 8 6 6 5 6 4 6 6 5 4 5 6 5 5 5 6 4 5 5 4 5 2 2 2 2 2 4 3 3 4 2 4 6 5 4 2 5 3 5 3 2 2 3 1 -1
15 13 15 14 13 12 12 10 22 11 12 14 14 18 16 13 10 8 15 9 9 7 9 7 8 7 8 8 9 9 8 4 5 3 4 5 5 6 7 5 1 6 10 9 11 7 10 6 7 9 8 5 6 20 7 9 8 5 6 5 4 4 8 6 5 7 4 5 4 5 4 4 3 4 3 2 4 3 2 5 3 5 7 5 2 5 3 3 2 3 0 1 1 -1 1 1
22 14 14 14 16 15 14 11 11 11 10 11 12 12 18 15 8 9 10 7 6 7 6 6 6 6 6 5 7 6 6 6 3 4 3 4 8 7 7 4 4 9 6 12 9 10 12 12 13 8 8 6 7 5 6 5 7 5 7 7 5 5 8 6 3 6 4 4 4 3 3 5 4 4 5 2 3 3 4 5 3 2 1 2 2 3 2 3 0 3 0 2 2 3 0 5
17 17 14 15 12 12 12 14 11 11 10 11 13 20 16 13 9 9 7 8 8 9 8 8 6 6 6 7 6 6 6 9 7 9 9 8 6 7 3 4 4 6 10 0 10 13 13 7 4 7 5 6 3 3 4 6 4 9 5 3 6 5 4 6 6 4 4 4 3 4 4 4 9 5 3 2 1 6 5 9 7 1 1 0 1 2 0 3 2 6 5 5 0 6 6 4
21 16 14 13 14 12 15 13 13 12 10 10 9 12 10 12 14 14 12 12 10 8 10 8 8 9 9 10 7 6 5 10 6 10 7 6 6 8 6 2 3 2 7 6 12 23 11 5 10 8 10 3 4 4 9 11 6 5 5 3 5 4 5 5 3 3 5 3 5 5 4 3 2 2 1 7 4 8 6 13 4 1 2 3 1 0 -1 0 3 3 3 3 3 2 3 4
19 16 16 17 17 18 13 13 15 15 16 13 10 8 7 9 9 8 13 6 6 6 5 6 9 7 8 7 8 7 10 5 6 4 3 7 5 7 8 11 7 4 11 9 12 8 7 8 13 10 13 8 13 8 11 9 4 5 3 3 6 8 5 4 3 2 4 2 1 2 0 1 1 2 1 9 6 3 12 3 4 0 -1 2 11 5 5 6 4 1 5 4 1 3 1 5
24 18 18 17 18 18 16 21 23 20 18 15 10 8 9 10 11 11 11 11 10 10 10 8 8 9 9 9 7 8 7 7 8 12 14 12 8 7 6 10 7 10 7 8 6 7 10 9 7 8 13 12 8 6 6 11 7 4 8 3 4 4 4 4 3 3 1 1 2 0 -1 1 4 6 10 1 0 4 4 6 5 0 1 3 5 6 3 4 2 4 2 3 4 4 4 4
22 24 29 28 29 30 29 30 16 14 9 10 10 11 16 15 19 17 17 11 9 7 7 8 4 11 15 8 10 7 5 11 13 18 16 13 7 5 5 6 2 7 7 6 6 6 11 6 6 14 15 15 12 12 6 7 5 4 5 3 3 0 4 2 4 5 3 7 7 6 9 2 2 0 6 10 6 2 3 5 2 1 3 5 3 5 4 5 0 2 2 2 7 2 4 4
40 41 36 35 23 21 28 21 17 19 20 20 17 13 12 13 13 9 8 9 9 8 7 5 9 8 8 8 8 12 2 19 12 7 9 5 6 3 5 6 6 4 6 9 6 8 4 6 5 12 9 13 17 16 15 9 6 11 3 2 1 0 6 2 6 17 14 10 8 8 8 9 8 5 4 8 8 3 2 3 8 5 6 3 4 5 7 5 6 2 2 2 2 4 6 4
30 22 17 20 15 16 16 31 32 36 28 13 10 9 7 9 10 10 9 9 6 4 3 8 7 2 4 5 7 16 3 6 9 6 7 7 6 9 6 8 7 6 6 6 7 5 6 6 11 13 7 16 19 19 15 9 10 5 5 1 7 10 7 5 10 11 12 20 12 12 13 12 9 7 7 7 8 8 9 7 6 8 7 5 2 4 3 4 -1 0 4 4 4 7 5 7
22 15 17 14 11 11 13 18 14 14 12 10 9 9 6 11 12 8 10 7 4 6 7 7 5 4 9 9 7 8 9 8 6 6 8 7 6 8 8 8 4 7 6 6 6 5 5 23 24 23 19 26 18 20 17 7 10 9 11 18 16 15 14 10 7 10 12 11 12 17 18 22 16 12 10 7 9 9 8 10 10 8 9 6 5 4 6 1 4 6 4 3 7 6 8 9
27 31 29 20 18 15 13 11 10 9 10 10 11 5 11 9 5 4 5 6 6 5 7 10 9 17 11 8 9 8 7 7 8 21 10 9 9 8 11 7 6 15 8 4 13 4 14 14 19 21 27 29 26 20 18 11 15 12 17 24 23 20 14 15 12 13 15 15 14 15 24 21 13 16 12 9 12 11 10 8 8 7 8 7 9 3 3 4 7 10 11 6 8 9 12 10
13 15 14 17 20 15 10 11 10 11 11 7 7 6 8 6 7 7 5 6 9 7 9 10 10 9 9 7 8 8 9 16 8 8 7 7 7 6 8 7 6 4 3 9 15 18 21 21 24 23 30 25 15 13 19 25 32 33 31 26 23 19 16 14 11 14 14 29 16 18 29 22 31 17 11 14 16 13 13 12 8 8 7 7 9 4 6 8 6 8 8 8 11 15 16 17
