rasters/Clipped_Flanders_tif/alt.asc
ncols        404
nrows        97
xllcorner    2.541666656550
yllcorner    50.691666583950
cellsize     0.008333333300
[rows 0 to 63 of 97, columns 192 to 287 of 404]
0 0 0 0 0 0 0 0 0 0 0 0 -1 0 0 5 8 10 8 6 10 15 16 16 9 10 9 7 9 10 8 6 7 8 6 4 5 5 5 7 9 8 9 7 6 12 20 24 20 13 12 12 11 9 13 12 9 10 8 8 8 8 10 8 8 4 7 9 10 8 5 5 5 3 4 8 8 10 10 14 9 10 12 11 12 12 11 14 14 15 17 22 24 26 26 28
0 0 0 0 0 0 0 0 0 0 0 -2 0 0 0 0 4 14 9 8 8 17 17 12 5 9 6 10 9 8 7 9 9 5 8 11 10 9 7 8 8 11 8 10 10 16 21 25 14 10 13 12 12 15 14 11 11 14 10 9 10 10 8 8 8 4 9 9 9 6 6 6 6 8 9 7 6 10 16 16 20 9 13 11 11 10 15 12 14 15 20 20 20 27 29 27
0 0 0 0 0 0 0 0 0 -2 -2 -2 -2 -2 2 2 1 2 0 12 22 18 15 19 22 25 14 11 18 15 10 11 10 12 10 7 11 12 13 8 5 9 9 11 13 21 13 13 13 10 11 11 14 12 14 13 19 13 10 10 10 10 7 11 6 9 9 13 11 3 7 9 14 13 5 9 11 7 11 11 11 11 13 12 11 10 15 12 14 15 16 18 24 27 32 23
0 0 0 0 0 0 0 0 0 0 0 -2 -2 -2 -2 -2 -1 2 0 3 3 9 8 19 27 23 16 21 12 18 12 11 9 11 9 8 10 12 12 12 8 10 12 14 12 11 25 23 11 18 15 17 21 15 14 12 11 10 8 9 9 9 14 10 6 10 14 8 8 7 8 12 17 5 8 8 8 9 13 14 15 14 23 17 13 14 15 17 18 18 17 21 18 19 20 28
0 0 0 0 0 0 0 0 0 0 0 -2 -2 -2 -2 -2 -2 -1 8 18 18 12 9 15 21 22 26 22 12 14 11 10 9 10 11 12 18 16 15 11 9 11 12 17 12 22 24 13 11 12 16 12 14 13 12 9 12 12 11 11 9 9 7 8 11 13 17 7 7 9 9 9 7 10 8 8 9 10 12 18 18 17 14 13 14 16 16 19 17 17 22 20 22 22 23 24
0 0 0 0 0 0 0 0 0 1 0 3 -2 -2 -2 -2 -2 -1 4 15 16 23 25 17 21 18 16 13 12 16 10 12 13 13 12 17 14 14 14 13 12 9 12 11 18 14 15 12 15 10 13 11 12 13 14 9 13 11 10 11 9 7 10 14 12 11 8 10 14 13 11 10 6 9 11 10 15 12 15 22 14 14 21 14 16 17 17 18 19 19 20 31 28 30 31 24
0 0 0 0 0 0 0 0 0 0 2 0 0 0 0 0 1 -1 0 -1 9 13 9 16 23 24 21 13 13 13 11 12 15 14 11 15 12 13 16 13 11 11 13 14 14 14 12 11 12 10 12 13 13 10 11 12 9 11 10 11 8 10 17 11 9 16 11 11 9 11 12 14 7 10 10 12 20 14 15 15 16 14 15 14 14 18 17 18 19 21 22 24 23 25 27 26
0 0 0 -1 0 0 2 0 0 0 4 0 2 2 1 -1 -1 1 -1 -1 8 18 17 19 16 20 22 20 28 16 15 14 12 12 14 25 23 21 19 11 11 14 12 14 13 14 14 12 12 12 11 11 11 13 12 10 12 13 12 12 10 9 12 12 12 10 17 12 11 11 12 12 14 11 9 13 13 14 13 15 16 19 14 16 17 15 20 24 26 23 23 24 25 28 27 29
1 0 1 0 0 1 0 -1 -1 0 0 10 4 0 0 0 0 0 1 7 18 20 20 17 16 20 21 21 24 19 14 15 14 13 21 19 20 18 16 15 13 14 14 16 11 13 14 11 11 12 12 12 12 14 13 12 12 13 12 11 10 8 12 12 10 15 14 10 13 13 10 14 14 14 13 14 12 12 13 13 16 17 15 15 18 19 21 20 18 18 22 24 25 31 29 30
2 0 1 1 1 1 0 1 0 -1 0 0 -1 0 0 -1 0 0 -2 0 0 17 26 22 21 20 22 27 28 19 20 18 16 15 15 17 18 21 24 13 13 14 13 12 13 13 11 11 12 15 22 13 14 14 16 12 13 15 13 12 11 11 11 12 12 12 14 15 13 13 14 14 15 15 19 12 13 15 16 15 16 15 18 17 16 18 21 19 19 18 19 23 22 35 26 32
0 1 0 -1 1 0 1 -1 1 1 0 0 1 0 0 0 -1 -1 0 0 9 24 26 27 28 22 15 28 25 27 20 25 19 19 28 27 24 27 25 21 13 14 14 13 14 14 14 13 12 23 16 18 16 14 14 14 15 15 10 10 11 13 14 12 13 14 14 15 14 14 15 12 14 14 18 12 12 16 18 23 19 22 23 25 20 15 18 16 19 20 18 20 23 23 24 34
0 0 1 1 0 1 0 -2 1 4 0 1 2 -1 0 -1 0 -2 1 -1 1 15 24 24 22 23 31 28 17 21 28 31 20 18 18 18 19 25 28 14 16 14 15 16 16 20 23 16 14 19 22 31 16 15 14 14 12 14 13 14 15 12 15 14 14 15 16 18 16 17 17 15 15 16 19 15 14 15 18 19 28 21 20 21 19 21 28 21 20 21 23 25 22 25 29 31
-1 0 0 0 0 0 0 0 0 0 0 0 1 1 -1 -1 0 0 -1 -1 3 7 10 12 14 22 21 26 22 20 24 28 22 24 22 21 26 18 18 19 17 17 18 20 18 20 18 16 17 17 22 23 18 18 17 18 19 12 12 15 16 16 14 13 17 18 20 17 16 18 21 18 17 19 18 15 15 13 19 20 28 29 19 28 24 22 21 21 22 22 22 23 20 23 24 26
0 0 0 0 0 0 0 0 0 0 0 0 0 2 1 0 0 0 0 -2 1 0 1 14 12 18 13 23 17 20 20 22 25 27 25 21 20 21 16 19 23 16 18 19 18 17 17 24 24 24 19 20 19 16 16 15 14 13 14 16 17 15 16 15 18 18 17 20 19 20 22 20 22 19 19 18 15 17 14 16 18 20 26 20 20 21 27 29 32 28 23 24 24 24 27 28
0 0 0 0 0 0 0 0 0 0 0 0 3 4 1 1 -1 0 0 0 0 -1 0 4 15 10 12 15 21 25 26 21 31 26 23 26 23 27 20 21 20 17 17 20 21 25 26 25 26 19 20 15 15 15 23 17 22 16 16 21 18 17 17 18 19 20 20 19 20 21 22 26 20 21 19 21 20 18 18 17 19 20 20 21 19 22 25 34 27 27 23 24 27 25 26 28
0 0 0 1 0 2 4 2 0 0 0 0 7 4 4 11 7 5 0 0 2 0 1 15 18 18 15 15 12 13 17 20 17 28 29 32 33 27 23 25 26 26 22 21 21 21 22 21 18 16 19 21 22 18 18 17 21 23 17 17 20 18 20 18 19 21 21 22 22 21 29 27 22 23 21 18 19 21 18 24 29 31 25 25 23 24 24 24 22 22 22 24 24 25 26 30
0 0 2 1 1 3 1 4 3 0 0 0 0 5 6 10 8 5 17 1 4 2 6 13 17 11 16 7 13 18 14 22 21 17 27 26 25 26 25 31 30 26 24 23 29 24 21 22 20 22 20 22 19 21 20 19 18 20 17 20 19 20 20 20 20 22 22 25 24 23 25 24 24 22 21 19 23 22 22 20 21 24 28 22 27 24 23 22 25 23 24 26 25 25 28 30
0 0 0 0 1 1 2 3 2 1 0 0 0 4 8 12 8 9 0 2 2 4 6 6 10 8 14 13 17 17 10 12 18 19 24 23 23 22 28 27 28 29 23 25 29 29 22 22 24 24 25 22 22 25 23 17 19 20 23 24 23 21 23 21 22 24 26 24 25 26 25 25 22 23 23 22 22 24 24 23 25 25 29 30 28 24 27 26 26 30 26 28 29 33 34 32
3 2 0 1 1 3 0 2 1 1 1 1 0 0 0 0 0 3 0 5 2 3 3 2 0 2 2 0 3 5 8 13 9 15 17 21 24 26 21 25 24 19 24 25 28 26 32 26 25 25 24 22 29 20 21 21 22 21 25 23 25 24 22 22 24 23 25 27 25 24 25 25 24 25 25 23 26 26 28 28 31 35 30 26 24 26 27 28 26 30 29 29 26 31 34 34
2 2 2 2 3 3 2 2 1 2 0 0 4 0 0 0 8 13 0 0 4 2 0 2 3 1 1 2 5 7 12 6 8 12 22 28 16 23 22 20 24 21 20 19 26 31 26 24 28 23 23 28 22 21 20 22 22 21 22 26 25 24 27 26 25 25 26 26 30 27 28 25 25 27 24 26 24 32 26 34 23 24 27 38 28 29 27 30 28 36 30 32 31 29 27 31
1 3 2 3 3 2 1 2 1 1 1 -1 -1 1 3 0 0 6 5 0 5 4 5 7 7 0 2 3 2 3 3 5 7 11 19 18 20 20 22 24 24 22 17 19 20 22 21 27 28 24 27 30 26 24 34 31 25 23 23 26 26 29 26 26 28 27 26 26 26 22 26 25 26 26 28 27 28 27 29 28 27 28 27 28 27 29 29 29 26 30 32 28 26 26 28 29
2 1 1 1 2 0 1 1 1 1 1 -1 0 -2 5 0 0 8 10 9 0 4 5 7 8 0 0 0 1 2 1 4 4 10 6 9 9 13 13 19 18 22 12 17 21 18 25 29 25 21 21 28 29 33 36 28 26 31 26 27 27 26 28 26 26 26 27 26 25 28 23 24 23 23 22 24 30 33 36 32 25 29 28 27 28 30 25 26 27 29 28 22 22 28 28 26
1 0 1 0 2 3 1 0 0 0 0 0 -4 -2 -1 0 0 7 7 8 4 3 7 5 17 3 0 -1 0 3 1 3 10 6 8 13 13 8 10 22 20 17 21 15 14 21 19 25 27 25 19 26 31 35 30 32 29 28 27 29 28 28 26 26 24 27 29 33 24 24 23 24 23 22 21 22 28 28 32 30 24 24 20 21 23 23 23 27 31 27 25 24 28 21 22 20
1 0 0 1 1 0 1 0 -1 0 -1 -1 -1 -1 -1 1 0 -1 0 2 5 0 0 7 2 0 1 0 -1 -2 0 2 4 4 4 9 8 9 7 8 9 11 13 14 14 22 22 20 20 16 20 21 22 25 34 23 25 25 29 28 35 27 27 24 24 25 26 23 23 21 22 23 22 21 18 20 21 20 19 25 23 25 21 23 23 26 25 23 24 21 21 27 25 20 21 21
0 2 2 1 2 1 1 2 -1 1 1 1 -1 2 6 3 6 0 0 0 0 10 0 7 4 4 0 2 1 1 0 -2 2 2 3 4 7 11 11 12 9 9 10 10 12 15 19 15 12 18 16 18 17 23 32 28 31 29 31 26 37 25 26 24 23 21 21 20 21 23 21 19 18 19 20 19 21 21 19 20 22 32 22 22 24 28 22 22 18 22 21 19 23 20 20 19
1 1 1 3 2 0 0 0 0 0 2 -1 3 3 5 1 6 3 5 6 0 0 5 0 6 7 13 13 0 0 2 -2 2 1 4 4 5 8 7 14 15 10 13 15 8 17 20 16 16 13 15 14 19 15 21 21 28 23 21 34 29 23 31 26 18 18 18 18 18 20 25 29 25 27 28 19 19 19 17 21 26 20 17 27 25 24 18 29 27 21 26 23 17 21 17 18
1 0 -2 0 0 1 0 0 0 3 -1 2 3 2 2 2 2 7 4 6 0 0 1 3 0 3 0 0 6 -1 2 0 2 5 5 3 2 5 14 10 11 13 13 14 19 12 12 14 16 10 20 17 18 17 18 13 17 20 18 24 22 27 20 18 16 15 16 17 21 24 26 21 24 30 28 25 16 17 25 22 24 26 28 26 20 20 17 18 17 17 21 16 22 23 18 20
0 -1 0 -1 0 0 -1 -1 -2 -1 4 1 -1 -1 5 11 3 5 6 0 0 7 3 0 4 3 0 5 5 8 5 5 3 0 3 0 7 5 8 12 17 16 10 10 6 10 14 15 17 13 12 10 11 18 20 16 17 13 13 15 19 20 19 23 13 23 23 21 17 16 19 19 17 22 15 22 14 20 22 26 18 19 18 16 21 16 17 18 18 14 13 21 22 18 22 25
-1 2 2 1 0 0 1 -1 0 -5 4 -1 4 -1 -1 -1 10 0 0 0 8 6 2 1 4 0 0 5 4 8 0 6 2 4 6 3 -1 3 5 10 15 12 13 16 11 15 15 13 10 11 14 11 13 14 11 11 14 11 12 13 14 14 17 14 23 16 23 14 16 14 13 21 16 21 26 20 17 18 22 16 18 19 17 14 16 17 19 17 16 14 17 25 25 21 22 16
4 1 1 0 -1 0 0 3 0 4 5 5 4 3 1 -1 0 1 1 0 0 0 0 2 3 10 0 0 -4 3 6 0 -1 12 1 2 4 4 6 11 10 6 8 10 10 10 12 9 9 14 17 13 10 13 11 10 14 11 17 12 16 11 12 19 14 19 18 21 12 15 14 12 24 21 23 16 18 20 14 17 15 15 17 18 15 12 15 18 14 15 17 20 23 18 14 18
0 2 1 0 -2 -2 -2 1 3 4 4 3 7 3 -3 0 -2 0 3 2 2 4 5 0 0 8 0 5 0 4 1 3 5 9 4 2 4 6 6 11 10 9 8 7 8 10 13 12 15 16 15 10 9 9 9 10 12 14 15 10 12 9 16 15 16 14 12 12 12 11 19 20 20 17 13 13 12 12 16 12 14 17 15 13 17 13 22 15 12 14 18 17 16 19 22 24
0 0 0 -1 0 -2 -1 -1 -2 -2 -1 -1 -1 0 -1 1 0 -2 -1 4 2 5 4 4 6 0 0 0 0 0 0 2 2 5 2 2 3 2 5 3 3 5 7 4 7 13 11 15 12 9 11 11 13 10 9 17 19 10 12 12 13 15 10 12 12 13 17 9 13 10 10 12 9 10 15 13 16 12 17 13 18 17 18 15 11 16 18 11 11 11 11 12 14 17 22 25
1 1 1 2 2 1 -1 2 0 2 2 3 4 3 3 3 4 1 1 1 1 -1 2 3 2 4 7 10 9 7 0 4 6 7 5 3 4 3 10 3 7 10 3 5 8 7 6 6 9 11 9 9 9 10 9 10 8 14 15 14 11 15 8 9 13 10 9 12 11 10 13 17 11 15 11 11 12 10 11 15 23 20 14 15 13 11 10 12 10 11 14 14 17 17 20 35
6 4 4 5 3 4 5 3 1 2 4 6 10 7 7 6 5 5 7 6 4 6 5 4 5 6 3 6 4 6 4 12 11 9 9 5 5 3 6 7 5 9 6 5 10 8 7 3 6 5 9 9 9 5 14 15 17 13 7 17 10 17 10 9 5 8 9 8 12 7 22 10 23 10 19 13 11 10 12 12 13 20 14 10 13 24 10 12 15 25 24 28 22 22 36 16
3 3 4 4 2 2 4 3 2 4 6 6 10 12 11 7 6 7 5 8 7 7 6 4 8 6 4 -4 -2 0 9 11 11 7 6 6 4 3 4 5 3 10 7 4 7 6 7 7 4 8 6 5 7 8 9 7 13 9 6 6 17 15 8 11 15 12 7 12 8 15 13 9 9 19 12 16 17 16 23 9 19 12 9 12 8 12 16 17 25 27 34 31 16 15 14 14
4 5 5 6 6 5 5 5 3 6 10 9 10 10 11 11 8 9 7 7 7 9 8 7 9 2 0 0 6 2 7 10 13 11 8 5 8 5 7 11 7 6 9 4 5 9 7 7 7 6 17 12 8 12 7 13 5 5 23 7 8 7 7 6 10 3 5 8 9 15 13 18 24 22 14 15 11 10 10 7 8 11 8 10 16 24 34 24 23 20 20 17 19 11 11 11
7 5 8 8 11 10 9 7 9 11 10 12 11 13 11 14 10 11 10 8 5 7 6 0 3 1 1 4 4 -4 1 14 13 12 9 9 8 9 10 8 8 11 10 9 8 9 10 11 10 9 14 9 6 10 11 12 9 6 8 7 9 6 8 8 3 16 15 13 14 14 13 15 9 8 10 9 7 6 12 14 20 14 25 31 40 27 18 22 16 11 10 10 12 12 13 13
8 9 9 11 13 13 13 19 18 13 13 14 14 14 14 13 14 12 13 9 7 -4 0 5 3 3 3 6 6 11 9 9 9 13 14 13 10 10 6 6 10 8 8 15 8 6 8 9 12 11 13 12 12 9 9 8 8 5 6 6 8 5 3 2 4 10 9 10 11 6 6 8 8 6 8 8 8 18 25 14 19 17 11 12 14 12 14 11 14 18 17 16 17 14 15 14
13 14 12 13 17 16 20 28 22 16 16 16 17 14 15 12 13 12 9 7 4 3 0 0 2 7 8 9 10 13 14 19 21 16 16 14 19 13 12 10 9 7 8 10 10 10 11 10 11 9 10 11 10 13 9 10 10 4 2 4 1 1 2 0 1 3 5 2 5 8 11 10 8 9 10 14 18 17 17 9 12 15 14 15 13 13 19 19 16 15 17 16 16 15 21 15
16 17 18 16 18 21 23 29 19 16 16 16 11 11 12 13 14 9 7 6 6 -1 0 8 14 15 13 14 13 16 17 17 11 14 14 15 18 17 19 14 15 12 12 13 14 12 10 9 10 7 9 7 8 8 7 10 7 5 2 5 3 4 3 3 4 3 9 8 12 15 16 15 10 18 14 10 8 11 15 15 15 10 11 15 18 14 17 26 16 16 21 17 17 16 16 18
19 21 20 20 22 19 17 17 17 12 13 14 11 9 6 5 6 9 9 6 -1 -2 0 11 17 18 18 29 19 18 15 14 9 10 12 17 14 17 18 17 18 17 18 18 15 12 12 10 9 7 6 5 4 6 10 8 4 3 8 5 6 8 7 7 6 8 12 7 6 9 8 7 10 10 15 10 12 11 11 12 10 13 13 20 14 14 23 20 18 18 21 21 21 24 19 20
22 20 22 27 24 20 18 19 18 20 16 18 14 12 11 11 10 8 5 1 0 1 1 7 19 29 18 13 11 10 9 7 10 15 17 13 17 21 25 22 18 16 17 10 12 11 11 9 8 8 7 5 6 5 5 3 4 6 6 5 15 9 6 6 6 8 7 7 7 14 8 7 7 7 8 10 9 10 12 16 13 12 12 15 20 18 21 20 21 30 24 24 22 22 21 23
22 28 29 26 27 22 22 22 22 21 20 21 20 19 15 20 19 10 10 5 -3 -3 0 15 16 22 9 4 9 8 11 10 10 14 23 10 10 14 17 16 11 11 15 11 7 10 6 11 7 7 7 5 4 8 7 7 6 6 5 5 5 7 3 10 7 6 5 14 5 7 8 7 6 9 12 13 21 14 11 10 9 11 15 16 21 21 23 30 34 24 22 21 23 20 22 20
27 29 26 25 25 25 22 18 13 24 22 21 23 22 23 18 11 8 8 2 -2 -3 0 14 11 6 6 4 11 11 17 11 10 10 12 18 20 16 17 11 9 8 10 10 6 12 6 6 7 6 8 9 8 5 4 1 5 7 8 6 6 6 4 4 6 8 6 9 11 20 17 10 8 9 12 10 11 8 7 9 10 10 15 18 20 24 23 28 30 28 24 22 21 21 23 21
27 25 27 26 23 20 20 17 17 9 14 14 20 24 25 20 7 10 2 4 1 0 3 3 5 7 5 12 15 16 12 18 15 12 17 14 23 22 11 15 17 12 12 8 7 5 4 6 5 6 6 5 7 6 2 4 2 2 3 3 2 2 11 4 1 7 7 17 18 9 10 14 7 11 8 12 12 8 10 7 10 10 14 17 23 22 17 17 17 19 17 19 19 18 18 20
23 26 27 26 26 13 13 6 0 0 5 1 3 1 3 0 4 4 3 0 6 1 4 7 7 13 18 21 18 17 22 19 19 16 17 15 21 18 15 13 13 12 10 6 5 6 5 3 7 1 1 3 3 2 3 3 2 3 7 6 5 4 6 4 6 8 5 7 5 4 5 7 14 10 7 7 7 7 13 9 10 14 17 13 14 15 14 16 15 17 25 21 27 19 16 15
6 6 9 9 5 0 4 1 0 0 3 2 -2 1 4 0 -1 -1 2 1 0 3 7 6 6 8 10 16 19 19 23 23 23 20 19 24 18 18 16 13 11 8 9 5 4 4 4 4 1 2 4 4 5 5 4 4 3 4 11 10 9 8 6 6 3 3 7 9 6 6 5 3 11 10 5 7 8 9 11 7 9 10 11 11 10 12 14 14 12 14 15 16 16 18 15 23
5 1 1 7 2 2 -1 -2 3 1 3 0 1 0 4 6 5 2 4 0 -2 0 4 4 0 7 11 13 15 15 20 24 25 22 20 25 24 25 16 14 10 11 9 4 5 1 3 4 4 5 5 2 3 5 6 6 6 6 9 9 9 8 6 7 5 3 5 11 13 7 6 4 8 6 6 6 10 10 10 10 9 8 10 10 9 10 12 13 14 14 17 16 16 17 15 14
6 4 2 3 2 5 4 2 2 2 5 6 7 3 2 2 1 3 0 1 1 -1 0 0 1 2 4 11 15 18 18 21 24 27 27 29 28 26 17 8 10 6 5 7 4 5 3 5 4 4 7 5 5 8 18 7 13 11 9 9 10 11 7 8 7 7 4 9 14 6 6 3 7 10 7 7 8 9 9 8 10 10 11 12 11 11 11 13 12 12 21 15 17 19 16 16
3 3 0 1 0 0 3 4 7 8 8 2 2 4 6 3 3 3 1 0 1 2 1 -1 4 0 8 10 2 7 7 8 6 17 17 13 10 8 6 7 3 5 6 4 4 7 5 9 9 8 9 9 8 9 8 7 8 10 11 14 11 13 11 11 9 8 11 8 11 11 10 8 4 4 11 14 11 9 11 7 8 12 11 12 11 12 11 15 17 12 15 26 16 15 24 15
1 0 2 2 2 2 4 6 6 5 3 2 3 3 0 2 2 3 1 1 3 2 1 6 3 1 5 2 3 -5 6 5 5 4 6 5 6 3 2 5 3 4 5 1 4 6 7 9 11 11 12 16 17 12 13 12 9 10 9 8 10 10 13 14 10 11 12 17 20 23 23 23 14 7 5 9 11 14 8 8 12 14 23 10 11 13 11 12 14 12 14 11 12 32 18 17
0 0 1 0 3 0 3 11 5 3 2 3 4 4 4 3 2 2 3 2 1 0 -1 -1 1 2 2 1 9 -2 -1 0 0 3 12 3 1 4 6 7 3 3 1 3 5 8 6 7 13 8 15 14 14 16 16 15 13 14 13 12 13 15 11 13 15 15 16 16 19 21 17 14 11 8 4 5 7 11 12 12 13 14 12 12 10 13 9 18 12 12 15 27 27 23 25 21
3 5 1 -1 -1 1 6 5 4 3 3 4 3 4 3 4 5 3 3 3 2 2 1 -1 1 2 4 3 -1 4 5 0 -2 0 2 0 0 5 5 4 5 4 4 -5 4 7 6 7 9 9 13 12 21 19 16 18 18 19 21 20 19 19 26 36 35 23 16 13 11 12 10 8 10 7 8 6 6 10 10 10 7 8 8 10 16 15 15 19 16 15 39 44 43 49 27 16
6 1 -1 -1 2 -1 3 5 4 3 3 5 3 5 5 5 6 3 4 3 4 3 2 5 1 4 3 2 6 6 8 5 2 3 0 0 4 3 3 2 0 4 6 2 2 5 5 4 8 9 12 11 11 9 10 13 18 17 24 22 16 17 18 20 16 13 14 11 11 12 10 12 10 14 10 14 12 10 11 9 9 8 9 10 10 14 11 16 17 21 41 35 35 33 35 22
3 5 1 2 -1 0 2 3 5 4 4 4 3 5 5 6 9 6 9 5 4 4 5 4 5 3 4 4 4 4 4 3 4 4 4 4 0 9 5 3 3 3 6 3 3 4 3 5 5 6 8 7 8 9 9 9 12 15 22 16 11 10 11 11 13 10 10 11 11 11 12 10 9 9 8 10 9 8 13 13 9 11 10 11 19 10 11 17 33 30 35 15 17 18 18 16
3 4 5 3 4 6 5 3 4 5 5 4 20 8 4 15 5 4 4 8 5 5 6 5 6 5 6 6 5 5 5 4 3 2 6 7 2 5 7 3 5 4 3 1 5 3 4 5 8 7 6 6 6 6 7 7 7 7 12 7 8 9 8 7 9 8 9 8 9 9 10 10 11 10 11 12 11 10 8 12 10 9 11 11 12 15 12 13 14 15 20 22 18 19 18 15
4 3 5 5 6 6 7 4 4 7 8 5 5 12 7 6 6 6 7 8 8 7 5 5 5 11 6 3 5 5 6 5 5 10 0 1 7 4 4 5 8 7 5 1 -1 9 5 10 7 8 5 9 5 8 7 5 15 11 7 9 10 7 9 8 8 8 11 10 10 9 9 12 11 11 7 13 11 10 11 10 15 11 14 15 12 14 16 17 17 15 15 15 17 17 21 18
2 5 4 7 6 8 7 6 7 6 13 7 11 11 6 6 9 7 5 6 7 12 13 7 4 7 5 6 6 5 5 6 6 7 8 5 2 4 4 9 11 12 6 0 0 2 3 4 6 8 8 7 14 10 13 8 8 6 8 7 12 9 8 11 18 15 9 8 9 10 10 9 11 10 11 12 11 14 11 14 12 17 14 13 12 14 19 14 16 12 16 17 20 17 18 26
5 9 7 7 9 12 11 10 6 6 11 15 18 18 11 7 7 6 9 8 10 9 12 8 9 8 9 8 8 7 6 8 9 7 6 8 -4 4 11 8 9 10 8 8 11 4 6 2 4 4 8 9 7 8 8 13 5 6 7 7 7 12 9 10 10 11 8 10 12 14 10 9 11 12 11 14 11 12 13 11 11 27 11 12 19 26 14 17 26 22 21 28 28 20 15 14
6 5 11 13 13 15 16 16 30 24 12 13 20 15 9 11 11 8 10 12 12 10 10 9 8 10 9 8 9 8 7 7 8 7 7 8 5 0 9 6 10 8 8 8 7 5 4 3 4 4 4 4 7 9 10 14 13 9 10 11 14 18 11 12 13 12 14 14 14 10 15 12 11 13 23 19 16 15 14 16 18 13 15 17 21 27 30 27 25 50 34 17 15 16 13 13
8 10 10 15 18 19 24 38 23 32 16 15 16 15 11 11 9 14 10 13 11 12 11 9 10 10 10 9 14 2 10 7 8 9 6 7 8 6 4 9 4 3 4 6 8 7 8 8 8 7 5 10 7 6 5 10 14 12 7 11 13 19 17 13 19 17 13 18 16 16 16 14 13 14 15 17 18 27 22 15 16 26 13 12 14 26 37 32 13 11 10 12 14 15 16 16
9 9 7 9 10 13 15 23 26 26 24 23 21 16 14 13 11 17 17 12 26 13 13 11 12 12 11 12 15 8 8 8 9 8 8 9 10 8 7 5 6 3 10 5 10 15 13 7 8 7 10 4 5 10 14 5 7 9 5 6 12 6 5 6 8 11 17 8 10 13 10 9 13 11 12 15 20 21 12 15 11 11 13 14 11 13 16 12 13 23 39 20 19 23 21 25
11 11 11 10 12 14 14 19 26 25 27 29 21 14 16 16 17 20 15 14 13 14 15 14 13 14 16 23 14 16 11 9 8 10 9 9 12 12 9 9 9 7 6 8 13 20 16 9 9 12 9 8 8 6 6 8 6 9 11 10 8 7 5 9 12 6 8 10 6 9 8 9 13 12 10 9 8 10 12 10 17 17 46 54 42 24 19 21 15 16 18 18 23 18 21 26
16 16 17 17 20 21 15 15 19 29 25 22 18 14 13 16 17 23 22 18 21 21 18 26 15 16 17 18 14 15 14 21 13 10 10 10 10 9 8 9 8 6 9 9 14 11 15 11 12 8 10 10 9 11 10 4 6 6 7 10 9 9 7 8 12 7 11 12 12 9 10 17 11 16 40 17 17 14 17 37 27 50 46 52 51 33 31 27 43 27 19 27 25 21 24 51
