rasters/Clipped_Flanders_tif/alt.asc
ncols        404
nrows        97
xllcorner    2.541666656550
yllcorner    50.691666583950
cellsize     0.008333333300
[rows 0 to 63 of 97, columns 288 to 383 of 404]
30 31 23 20 22 27 22 20 18 28 20 20 15 16 14 22 16 16 22 18 14 15 13 13 14 12 14 13 11 12 12 14 15 13 14 15 16 24 21 15 13 13 15 16 20 20 18 16 16 23 21 17 17 18 18 19 21 19 17 12 15 16 16 16 16 14 15 15 14 14 14 14 14 15 16 22 21 21 16 16 17 15 15 14 16 15 18 16 14 16 17 22 17 18 20 18
23 24 23 22 21 24 23 21 23 19 22 21 22 19 23 24 29 16 24 18 17 17 17 17 15 18 24 13 12 13 14 23 16 15 14 15 25 19 20 14 14 15 15 23 23 23 16 15 16 19 21 20 20 19 18 17 18 17 17 17 17 17 17 16 16 16 16 15 11 14 13 19 13 16 17 16 23 25 28 25 18 18 19 26 18 18 18 19 16 17 24 25 23 18 17 20
24 24 23 23 20 18 19 24 27 19 17 21 21 30 23 32 21 19 31 27 17 16 17 16 16 17 15 16 20 14 15 20 24 16 14 16 16 17 16 16 18 23 24 24 23 19 20 18 16 20 22 21 17 22 16 17 16 17 18 17 17 18 18 19 19 18 18 17 13 14 14 16 16 19 17 14 21 24 24 23 17 15 17 17 21 21 20 18 17 19 20 20 24 23 18 21
24 25 23 24 21 21 21 19 18 20 18 20 25 25 23 26 24 27 32 28 31 17 17 17 16 15 13 16 17 16 18 16 16 16 16 17 17 19 18 20 18 17 27 22 25 25 27 22 22 22 20 18 16 18 18 20 17 17 20 22 22 19 18 20 17 19 17 16 18 13 16 17 18 18 19 17 23 21 22 16 18 24 18 18 17 18 18 21 20 19 20 22 23 22 20 21
24 25 24 22 20 23 22 20 24 22 21 21 27 29 23 22 18 24 24 22 27 34 20 22 19 15 17 16 17 17 16 17 17 17 19 18 18 19 22 19 26 27 26 29 26 24 17 19 17 18 17 11 17 16 24 19 16 28 27 24 21 20 17 18 20 20 19 16 25 13 14 18 18 18 21 20 18 20 17 18 17 17 17 20 18 22 14 16 18 19 21 20 25 28 28 29
25 25 23 23 24 24 24 23 27 24 22 21 26 26 22 21 27 25 25 33 24 22 22 21 19 17 22 23 17 17 20 17 17 20 19 25 26 22 23 20 20 22 23 20 19 21 20 17 19 19 21 22 19 17 18 19 25 31 28 28 23 20 19 21 22 23 16 18 16 17 16 15 19 22 25 16 17 16 18 17 18 19 20 21 18 16 17 17 18 19 20 22 23 21 29 30
27 24 26 25 23 23 25 25 31 25 27 24 25 20 24 29 23 27 28 27 35 21 22 28 23 25 22 23 19 20 28 28 21 24 22 19 20 21 19 18 19 19 28 29 22 23 21 18 21 20 20 18 18 18 22 17 18 19 19 19 20 21 20 21 18 20 19 17 18 20 19 16 16 18 19 27 23 24 17 18 18 22 20 20 17 20 20 20 19 22 19 20 21 30 25 29
26 25 24 25 24 24 22 23 33 24 27 22 22 24 25 25 33 32 33 30 30 27 27 31 22 23 31 25 22 21 21 29 22 21 22 26 21 22 23 20 24 29 32 33 30 28 22 21 20 21 20 21 23 19 21 19 18 17 17 20 19 19 16 19 21 18 20 20 21 20 18 17 21 17 20 18 24 29 26 31 22 23 22 18 19 21 27 22 26 20 18 19 20 20 21 20
34 34 33 26 25 24 24 26 25 28 26 24 25 24 27 26 28 27 25 35 31 34 29 32 25 28 28 22 23 27 25 27 28 20 22 22 21 22 33 22 22 21 23 34 34 31 28 23 23 24 23 20 21 21 19 20 20 20 18 20 19 18 18 21 18 20 20 19 19 20 20 21 20 20 18 21 26 28 27 29 27 20 19 19 19 24 27 28 25 23 19 20 23 30 32 24
27 26 25 27 31 25 26 26 27 26 27 25 24 31 28 27 27 27 38 32 32 29 27 28 31 29 25 27 22 22 23 23 21 26 24 22 24 34 28 23 21 25 27 34 26 30 35 32 26 22 21 21 23 20 24 22 22 21 18 19 16 19 18 17 15 20 20 21 18 19 18 20 20 22 19 22 25 28 25 24 26 26 27 27 25 21 24 25 25 23 22 23 20 21 28 25
26 25 33 27 29 28 28 26 29 27 27 25 33 26 27 27 26 29 41 33 36 36 28 28 23 22 26 24 25 24 24 23 23 29 23 27 32 31 31 31 26 24 24 23 23 23 24 22 23 25 30 24 24 23 24 23 20 18 20 18 16 18 21 18 19 22 26 25 28 18 22 18 21 22 20 22 25 26 27 21 26 22 23 26 28 29 23 22 23 22 22 22 23 25 24 25
27 28 36 31 30 29 27 29 28 29 26 26 35 34 28 28 32 31 37 28 28 26 25 28 25 25 24 26 27 28 27 27 27 24 24 28 24 29 24 23 22 23 26 25 24 25 24 23 35 26 24 23 26 21 22 20 18 15 17 16 16 21 18 19 17 23 23 20 24 21 25 21 19 20 28 20 20 23 23 22 21 22 24 23 27 27 31 26 24 23 24 23 22 23 25 27
29 29 29 30 30 28 28 30 27 25 28 27 39 36 41 39 37 33 36 31 34 27 28 26 22 29 24 27 28 26 27 28 26 24 21 27 25 28 26 26 22 26 26 25 26 27 26 26 28 32 25 26 29 28 26 19 20 17 17 18 22 28 28 22 20 21 26 26 24 33 20 21 28 20 21 20 21 23 21 21 20 22 22 25 22 25 30 31 23 22 23 26 28 22 24 23
34 34 31 30 37 29 29 29 28 27 30 28 40 36 36 32 35 31 36 39 31 31 30 28 25 28 27 26 28 27 27 29 29 24 22 28 24 31 27 27 25 24 25 26 25 26 27 32 35 35 27 24 27 27 19 22 23 17 20 21 22 28 29 25 31 21 27 27 29 27 31 34 32 30 23 24 23 19 20 28 21 22 23 22 29 26 27 28 24 25 25 28 26 27 26 26
27 29 35 41 37 36 29 30 30 30 29 40 38 38 31 36 29 31 31 39 39 31 29 27 25 27 37 31 28 28 29 30 29 29 26 24 23 30 29 29 27 25 26 24 25 27 30 28 25 26 26 37 27 21 24 20 20 23 19 21 21 26 26 28 28 22 19 22 33 23 22 23 25 23 25 25 24 24 30 33 31 33 35 23 30 31 25 28 26 22 24 27 26 25 25 25
28 27 28 42 37 32 32 30 31 34 40 40 39 35 30 31 38 35 44 33 30 30 29 27 27 28 28 31 29 30 27 29 31 32 29 27 29 30 30 29 30 27 30 27 28 31 34 27 29 33 31 26 21 22 28 26 21 26 22 20 23 29 33 31 31 30 25 29 22 26 28 32 27 24 24 23 23 23 26 34 24 24 34 31 26 28 18 25 25 25 26 28 26 25 27 24
27 26 26 26 29 32 28 38 39 33 29 33 30 29 35 28 37 34 41 41 37 29 29 31 34 28 32 33 30 31 28 31 32 32 29 26 25 26 29 29 35 26 30 28 30 30 30 28 27 25 25 24 24 26 33 32 22 23 24 22 25 24 26 25 24 23 22 27 33 24 34 29 25 24 24 22 22 22 26 23 32 25 32 23 25 31 28 24 26 25 25 27 25 28 25 28
29 33 31 26 24 26 26 27 35 29 34 29 32 30 36 40 31 35 42 43 41 34 30 30 33 28 33 30 32 29 29 30 31 32 29 30 28 27 31 30 34 28 31 30 30 30 28 24 25 27 31 26 27 30 25 22 27 22 26 26 24 27 25 25 23 24 26 27 25 34 28 33 26 26 25 24 27 24 22 26 31 35 26 29 26 26 24 24 25 26 26 28 26 27 25 28
34 33 35 30 27 30 31 30 27 30 27 30 26 27 33 37 36 34 29 32 29 28 33 33 39 33 33 30 31 33 30 37 32 28 31 37 28 28 30 32 37 32 31 30 29 26 24 26 27 37 39 30 25 27 26 36 27 23 26 22 22 27 25 25 26 23 27 32 34 31 33 31 25 25 21 23 24 24 23 22 25 25 26 25 34 31 26 25 26 25 27 27 26 26 27 26
26 25 37 30 25 22 24 23 23 24 25 22 22 24 24 29 25 23 25 28 27 26 31 28 29 32 34 33 32 34 35 34 34 28 30 32 46 39 32 31 40 40 33 27 27 28 28 28 30 35 34 27 28 30 30 29 25 23 28 23 24 24 32 25 26 30 26 35 36 34 28 24 27 22 23 24 27 28 35 29 27 25 26 26 31 27 35 33 35 27 27 25 25 27 26 26
28 28 27 24 24 22 25 25 27 32 37 31 21 22 22 29 26 27 27 26 23 26 32 26 27 30 32 32 32 41 43 32 40 38 30 38 40 45 32 31 38 38 40 33 32 29 29 32 32 40 33 29 37 27 26 27 24 28 34 33 30 30 27 29 24 35 31 30 37 33 28 22 27 24 25 22 26 32 32 31 25 25 25 33 35 33 37 24 26 26 25 27 26 26 27 26
26 25 26 26 24 25 27 30 24 25 24 24 35 24 27 25 24 27 26 28 31 25 29 25 26 32 27 29 34 43 41 43 36 37 35 37 42 44 37 44 38 43 40 34 28 32 33 36 35 34 31 29 26 26 28 26 32 36 37 37 25 25 30 27 25 24 31 37 38 35 24 26 24 23 30 32 26 28 27 27 28 26 26 29 39 28 26 27 26 26 30 26 26 29 26 27
21 23 21 17 19 23 24 30 32 31 29 30 23 22 24 23 21 23 23 23 24 25 23 27 24 30 28 38 35 36 37 43 42 39 44 40 41 42 36 43 42 32 34 34 33 32 32 31 32 31 29 26 27 32 27 27 26 37 40 37 38 29 27 28 34 25 30 33 33 31 26 27 24 26 26 28 32 34 26 28 29 29 28 29 35 39 38 33 39 36 34 31 27 26 28 27
20 20 20 19 21 20 20 20 29 24 23 27 22 26 22 23 23 22 25 26 27 23 24 26 25 25 27 39 45 45 41 38 45 38 48 45 43 43 40 35 41 37 34 34 34 33 34 29 31 28 30 30 30 30 34 29 30 33 29 36 36 27 27 30 31 26 32 30 27 27 31 26 25 24 24 26 28 29 30 28 26 29 29 34 37 36 28 33 32 34 34 33 26 28 26 28
17 19 19 18 27 20 18 19 29 22 25 22 19 21 21 20 22 23 24 26 26 28 28 25 31 30 30 39 42 43 38 38 42 37 48 46 35 39 42 42 43 36 45 39 35 35 33 34 30 32 30 32 34 30 33 30 38 40 37 30 29 28 28 28 26 26 30 29 31 28 28 31 40 26 27 27 29 27 32 27 26 27 31 32 34 35 37 39 28 29 26 27 28 28 29 31
19 18 25 18 17 19 19 20 26 25 20 21 24 23 22 20 20 23 22 22 24 24 22 24 27 33 25 34 31 39 41 40 42 45 40 38 35 39 39 42 46 45 46 38 36 36 35 34 32 32 34 32 42 38 31 31 40 33 30 29 29 29 27 31 29 34 33 36 39 34 33 27 28 29 26 29 29 27 29 28 29 29 36 34 34 39 39 39 33 28 29 31 32 31 30 32
18 19 17 17 18 18 22 18 18 21 19 19 19 20 20 25 22 23 22 23 23 23 24 23 25 27 34 30 36 41 46 42 52 44 48 47 44 41 40 48 46 49 44 36 35 35 34 32 35 33 35 41 33 37 36 40 38 31 31 32 30 32 29 31 36 31 33 37 37 35 29 36 31 29 27 31 29 28 29 28 29 37 36 41 36 28 33 35 29 31 31 31 33 32 31 31
21 17 17 23 17 17 17 20 20 17 21 23 18 25 29 20 22 23 24 23 20 28 30 24 24 30 29 33 33 42 46 49 40 43 50 40 40 44 39 47 44 41 48 49 45 35 36 34 36 47 43 34 34 34 34 38 40 32 34 29 33 30 36 34 32 29 33 39 39 38 33 31 31 33 31 31 31 31 31 33 33 38 38 39 39 33 31 31 30 31 31 32 33 30 33 34
18 15 24 16 16 16 18 19 25 18 22 24 20 21 20 21 24 23 19 22 24 22 23 21 23 27 37 37 30 34 34 37 37 43 40 45 42 43 40 41 50 41 52 44 40 46 39 38 38 37 38 36 36 35 37 40 35 31 31 33 30 42 37 33 31 34 36 31 43 36 32 32 32 32 33 32 31 32 30 33 34 36 35 39 36 31 32 31 30 33 35 31 34 33 34 33
18 20 19 22 21 15 15 17 18 18 24 17 18 19 23 32 22 20 20 21 23 26 26 27 33 34 33 27 32 38 32 35 38 40 48 47 46 43 43 43 51 53 45 51 48 43 40 39 44 42 45 43 38 39 38 34 33 32 34 34 36 37 31 34 34 35 35 33 33 33 31 34 35 33 33 32 33 31 33 35 33 34 38 40 33 32 31 33 35 35 37 38 38 35 31 32
27 22 19 19 20 22 18 18 16 16 20 19 20 18 21 21 18 20 22 22 24 27 27 25 24 27 28 40 39 38 38 35 39 45 44 44 43 45 45 48 48 42 47 48 48 43 43 43 46 49 39 43 41 40 35 35 35 33 32 36 38 45 35 34 37 34 38 34 34 35 35 36 35 34 32 33 32 34 32 35 34 32 35 33 37 40 35 34 36 37 35 34 35 32 30 32
29 19 22 24 24 16 16 13 16 16 17 18 19 23 20 20 18 23 31 24 24 25 24 28 25 26 29 33 35 38 34 38 41 44 44 38 43 49 43 46 50 52 45 45 48 45 45 44 45 44 44 42 41 41 43 45 39 38 36 35 39 38 37 36 37 37 42 47 35 33 35 34 35 35 35 35 38 37 32 40 38 34 32 37 42 42 43 38 37 37 35 33 31 32 29 33
28 32 22 18 18 15 16 27 23 23 26 24 31 27 22 21 21 30 17 18 21 21 25 27 22 22 28 26 29 40 32 35 32 36 45 38 41 43 44 46 46 48 48 46 49 49 46 46 44 44 42 43 42 42 44 46 49 44 39 40 39 39 37 39 39 41 37 39 39 35 36 36 37 35 33 34 38 32 31 30 33 34 35 33 31 41 34 40 35 32 33 32 32 31 30 29
14 14 13 19 19 23 26 30 19 18 18 23 21 23 23 24 32 26 26 21 29 19 19 23 27 29 30 32 34 38 34 35 35 41 37 39 40 42 45 52 48 49 47 51 47 51 46 46 46 46 45 46 46 44 43 43 40 41 39 40 40 44 37 41 40 38 41 38 45 50 44 43 36 36 36 34 39 42 35 41 40 42 38 45 35 33 34 32 33 32 31 32 31 32 30 29
14 10 14 13 17 16 17 17 19 18 18 18 24 33 32 34 24 31 28 24 23 25 24 28 27 30 30 30 34 33 33 34 37 39 38 42 40 42 43 44 49 44 52 50 49 49 55 55 57 43 52 49 54 47 43 41 43 43 45 43 42 43 40 41 38 40 48 41 46 50 47 42 38 38 43 37 35 34 34 36 33 36 37 34 40 33 32 30 31 37 42 37 32 33 32 30
13 12 14 15 19 19 18 18 18 20 19 29 31 29 23 30 34 30 23 24 27 34 37 29 36 32 30 40 29 30 30 32 42 35 39 42 46 46 47 48 49 53 49 49 48 53 55 54 56 61 60 46 44 44 43 45 46 42 45 43 44 41 42 52 45 47 39 41 45 49 47 45 43 40 37 35 37 35 33 38 34 31 35 33 30 29 30 30 30 27 31 30 29 31 30 30
14 12 17 19 24 17 19 19 20 21 25 26 31 31 24 25 24 35 32 36 29 30 26 24 28 29 33 39 42 36 41 40 41 40 40 39 44 45 43 42 53 51 56 56 56 58 58 51 64 63 49 47 47 51 49 48 47 46 47 45 45 44 46 44 55 50 40 46 51 44 46 45 44 37 39 37 35 36 35 33 33 36 40 35 32 33 38 39 33 34 35 31 34 33 31 29
19 16 18 17 17 17 18 21 22 26 26 25 23 23 23 24 27 25 25 26 27 28 25 25 24 29 27 28 31 33 32 31 34 34 38 36 41 41 44 43 46 51 49 55 56 47 54 59 65 52 53 60 61 57 49 47 50 54 52 41 46 48 48 48 47 45 47 45 48 46 42 39 39 39 41 36 38 37 37 36 34 33 33 33 31 32 34 31 34 28 31 33 31 28 30 30
14 17 20 19 20 23 24 24 29 23 24 19 19 21 22 24 31 27 26 22 23 25 26 35 28 29 33 32 34 33 34 34 37 40 39 42 48 48 42 43 41 47 46 51 49 60 60 62 65 59 63 65 58 61 51 54 52 60 51 46 48 51 48 50 61 48 46 46 56 47 43 42 43 42 41 40 42 41 37 38 37 35 36 37 37 38 30 40 34 34 32 29 29 32 29 30
18 19 19 22 20 22 21 21 23 25 21 16 19 21 22 21 21 25 31 25 26 33 29 27 28 32 33 35 33 33 34 42 43 37 36 36 38 39 40 41 42 51 61 62 64 59 59 62 60 62 66 67 61 62 58 60 53 61 49 48 52 51 56 53 51 55 55 49 55 48 46 51 49 44 43 42 43 40 38 42 38 35 36 41 36 35 34 35 33 37 37 31 31 29 32 32
19 19 22 19 21 23 23 22 22 21 20 22 25 25 24 28 24 23 23 28 24 26 29 28 34 30 32 31 34 33 33 33 34 34 37 37 39 40 40 42 43 46 48 67 64 55 56 61 65 67 58 65 67 61 60 59 57 57 51 57 52 59 55 53 53 50 51 49 51 59 56 47 53 51 43 43 41 40 42 40 38 37 36 36 33 31 31 33 30 35 31 33 30 31 28 30
20 21 21 19 22 21 20 20 17 20 17 18 24 23 19 26 25 30 29 32 27 26 27 32 28 30 35 37 30 30 31 35 35 36 37 39 40 42 43 44 47 49 46 47 47 51 58 54 60 61 65 71 64 61 62 61 57 56 61 60 57 58 59 58 63 55 53 55 54 58 59 57 48 48 45 43 43 43 40 39 41 37 37 40 34 30 31 33 34 31 27 36 30 30 28 28
18 21 18 18 17 18 18 20 16 19 23 25 30 24 23 21 21 25 24 28 27 27 27 28 29 31 33 31 28 30 31 32 35 36 39 38 44 42 42 44 44 47 49 51 51 56 54 56 64 61 59 59 59 61 64 64 58 57 57 58 62 58 60 58 59 58 59 66 63 59 52 52 49 50 49 46 46 48 43 43 39 38 36 38 35 35 35 32 33 32 32 33 30 32 32 32
18 20 21 18 22 20 18 22 25 22 19 27 20 20 21 25 22 24 22 27 23 28 39 31 27 35 32 32 30 32 31 33 35 37 39 40 41 44 49 46 50 49 50 51 54 57 59 60 66 60 59 59 57 59 59 58 61 62 56 63 60 62 60 62 60 58 60 63 62 56 62 63 61 60 54 54 51 48 47 44 43 38 40 37 37 34 33 33 33 31 31 32 31 31 32 30
21 20 20 18 18 16 18 22 22 19 19 19 20 26 29 27 30 31 28 29 28 23 27 26 27 35 36 35 34 34 36 34 49 47 43 40 45 46 50 53 55 54 54 53 56 55 59 64 72 72 59 62 59 67 56 62 63 65 63 60 60 63 64 64 66 60 70 64 59 62 62 65 66 59 62 65 64 60 61 57 44 45 41 41 41 38 38 35 33 31 32 30 32 32 31 33
15 14 16 16 16 17 20 20 20 25 20 22 18 26 25 20 20 20 20 23 21 33 31 28 27 32 33 38 36 38 40 42 48 44 49 49 47 49 49 56 56 56 62 63 58 59 72 70 76 67 62 64 64 62 59 61 66 66 63 63 63 62 68 66 64 64 66 60 70 60 63 72 64 63 63 64 66 64 62 63 64 68 51 44 40 38 36 37 35 34 31 33 40 35 31 35
15 16 14 13 16 11 13 17 23 21 25 30 30 23 19 18 19 20 23 24 22 22 24 30 28 30 38 42 42 43 41 47 53 49 45 46 45 47 57 61 59 55 55 58 59 71 76 73 73 72 69 71 65 66 75 67 65 65 67 67 65 63 66 66 65 61 62 61 62 67 71 72 67 67 68 66 67 63 56 59 61 63 50 51 44 43 41 40 36 36 32 34 32 29 40 39
14 13 15 15 11 16 17 22 45 31 27 20 18 22 23 17 18 19 20 23 22 24 27 29 32 37 37 40 42 48 53 53 48 38 40 41 52 45 51 49 48 52 59 65 63 62 62 62 64 66 75 67 75 71 69 66 66 66 69 71 68 66 68 67 68 66 65 66 66 68 66 69 76 74 66 69 64 63 63 62 63 57 65 72 69 58 46 49 46 41 38 35 32 30 39 34
17 16 14 15 15 15 16 15 17 19 23 22 20 19 19 21 18 21 20 23 29 26 30 28 29 38 40 40 40 38 36 33 40 45 38 39 44 42 43 58 55 63 71 74 64 73 65 58 66 64 69 64 66 70 66 66 68 67 71 71 70 70 70 69 66 73 67 69 65 68 68 70 68 68 76 69 74 67 65 68 67 65 75 76 75 70 57 49 51 41 37 34 33 34 34 30
12 13 18 15 19 20 16 14 19 17 17 19 18 18 20 21 22 21 20 23 23 25 32 30 27 33 34 34 33 32 37 36 35 40 38 40 41 46 52 49 62 51 65 59 56 63 64 67 66 65 65 67 65 74 75 68 69 75 69 78 71 71 70 71 70 72 71 69 68 70 71 74 70 71 74 74 71 68 69 74 69 71 79 81 82 81 77 57 47 40 40 37 37 33 32 30
18 15 28 15 15 15 15 17 19 19 20 19 18 19 20 21 23 23 24 24 32 29 26 28 27 26 28 36 39 37 30 40 35 34 36 45 53 52 43 44 44 45 47 56 62 73 70 69 66 68 65 65 71 79 76 79 69 69 73 73 73 71 73 74 72 72 70 70 72 72 73 73 73 74 73 73 75 74 84 86 72 74 85 78 67 54 51 46 43 51 56 35 38 32 33 33
15 16 19 17 21 21 21 17 19 19 21 19 19 21 20 18 24 23 21 22 21 24 26 25 28 30 30 32 34 36 33 36 37 38 45 48 37 38 39 41 41 46 49 61 72 80 73 73 67 71 76 80 69 72 70 75 70 74 73 71 75 74 73 77 74 76 74 72 74 73 73 73 80 76 73 75 77 76 83 88 82 83 80 58 54 54 58 82 86 45 36 45 34 33 35 31
27 20 15 18 17 19 16 16 19 22 19 18 20 28 29 33 38 33 33 25 27 25 24 25 28 28 29 28 27 31 30 38 37 35 33 33 37 32 41 43 39 43 45 55 62 60 79 67 69 70 76 64 70 71 76 77 74 73 75 72 74 73 74 75 77 78 75 75 77 73 77 75 85 81 77 83 80 86 87 86 77 83 83 62 51 73 76 80 69 51 34 41 33 35 35 33
17 17 17 24 19 26 21 19 32 32 27 34 24 38 33 36 42 34 28 24 20 24 21 24 25 21 22 25 33 37 32 37 25 31 34 41 45 34 34 43 45 49 42 41 43 59 69 72 74 77 56 70 71 71 66 76 73 80 74 73 76 75 77 77 76 74 76 77 76 80 92 80 81 88 84 87 80 81 83 77 66 67 66 60 80 70 77 91 87 81 64 39 36 33 34 33
17 16 18 28 20 31 40 33 32 37 24 22 22 42 44 40 38 27 30 23 25 23 23 21 24 27 33 30 30 32 32 28 32 34 36 31 37 33 34 35 41 42 44 40 43 48 58 72 57 53 57 57 63 68 67 68 82 71 73 73 75 77 77 77 79 78 83 83 81 76 82 81 91 85 81 74 76 83 76 69 66 61 81 81 81 83 85 88 82 71 41 42 34 35 32 36
19 18 28 27 32 40 42 28 31 29 43 53 48 33 52 52 47 29 36 44 36 21 23 31 26 30 36 36 33 31 33 32 33 28 32 35 38 33 41 35 38 45 43 42 39 49 48 50 49 56 50 64 69 77 71 81 84 76 77 80 79 75 77 77 80 83 88 89 82 77 78 82 83 84 85 80 81 77 70 60 68 67 69 76 82 81 92 85 84 71 46 38 36 37 37 37
19 19 35 57 25 37 29 19 23 29 31 21 23 23 21 25 22 21 23 20 28 26 29 43 48 44 45 46 48 33 26 28 29 28 31 33 37 44 43 44 38 33 33 37 39 39 41 44 45 47 53 64 64 56 70 74 76 77 75 81 83 83 77 77 78 78 82 88 85 79 80 84 89 94 96 90 79 84 66 73 85 84 83 91 95 94 86 84 87 73 43 49 37 32 36 32
31 17 16 15 18 21 21 18 29 21 22 22 20 24 21 21 20 20 23 32 28 40 47 51 44 45 53 29 24 26 25 28 25 30 35 40 40 32 36 34 39 33 32 35 44 41 40 43 40 49 55 53 51 55 64 66 72 68 70 83 83 76 77 77 75 75 79 88 76 95 79 85 84 92 99 88 73 69 67 77 80 87 85 95 92 93 93 91 80 46 49 42 41 40 35 32
15 21 39 13 16 16 21 22 19 21 43 39 17 19 18 21 20 22 30 43 43 32 45 33 42 30 27 23 21 25 23 29 41 56 36 29 31 33 33 36 37 37 35 32 39 38 42 38 46 47 44 49 50 53 57 63 72 77 76 78 78 76 81 79 77 76 78 78 79 82 81 90 113 103 87 78 72 75 85 88 88 95 96 99 90 95 92 76 51 45 39 40 38 36 33 36
18 20 20 20 21 17 18 15 18 19 28 26 33 37 26 21 21 22 23 28 40 38 31 30 29 40 22 22 25 23 27 34 36 30 31 33 29 30 30 38 43 38 39 41 33 39 42 41 42 44 47 49 49 55 63 82 66 61 59 61 71 78 86 89 81 77 78 78 81 79 78 91 90 76 71 69 73 86 87 88 93 95 92 92 99 94 64 53 34 59 35 41 42 35 33 31
25 29 34 29 39 22 20 20 29 44 58 50 36 53 40 26 35 52 38 28 26 36 31 23 21 23 31 35 33 50 51 39 30 35 41 34 30 34 38 30 51 54 35 36 38 36 40 42 40 43 46 47 47 52 53 55 56 65 75 78 75 75 76 73 84 76 82 79 73 72 72 78 75 75 83 85 84 85 92 74 87 90 82 83 70 62 56 48 41 40 38 38 35 37 33 31
35 41 51 41 44 28 35 46 28 22 20 22 21 23 24 20 19 22 28 34 38 27 24 21 28 33 46 64 63 53 32 28 27 24 26 28 34 51 41 31 31 32 31 33 35 36 37 38 38 39 42 44 48 49 52 51 57 57 68 84 86 89 65 87 140 71 76 73 73 73 81 74 80 86 78 83 92 92 89 75 87 85 88 92 89 87 55 52 45 40 40 36 37 35 35 37
52 54 47 52 60 40 37 40 48 51 50 27 27 23 27 19 21 19 19 27 37 23 26 29 26 23 27 22 25 25 22 22 27 26 31 33 34 36 32 30 32 31 34 35 34 34 36 39 38 41 43 46 44 48 47 53 53 54 69 67 66 64 76 75 74 73 59 79 81 82 79 81 80 88 95 92 95 99 97 86 86 88 88 79 88 72 53 50 44 45 44 39 37 37 32 33
63 64 69 74 54 44 46 50 56 51 55 26 28 48 27 23 20 21 30 21 21 28 24 31 35 36 22 21 19 27 28 35 29 25 25 26 30 25 27 32 29 27 30 31 39 33 35 40 36 37 41 41 42 43 43 45 57 58 51 59 60 69 72 70 74 62 75 80 83 87 84 74 86 86 84 92 95 95 97 97 92 99 84 59 80 86 58 47 46 40 40 37 37 38 36 38
