rasters/Clipped_Flanders_tif/Flandersaltitude_2km.asc
ncols        404
nrows        99
xllcorner    2.541250000000
yllcorner    50.687080000000
dx           0.008341584158
dy           0.008266060606
NODATA_value  -1
[rows 0 to 62 of 99, columns 288 to 383 of 404]
26 28 21 20 19 20 22 31 25 16 18 17 13 15 15 14 16 25 15 16 15 14 14 14 11 11 11 11 11 12 12 13 12 12 14 11 19 14 17 14 12 13 14 17 17 15 16 14 16 14 15 16 16 19 14 17 20 22 23 19 17 18 16 19 15 15 14 11 12 12 20 10 13 14 24 20 25 17 15 16 14 16 18 15 15 13 15 15 16 17 18 18 19 21 27 23
33 29 23 20 22 21 24 22 23 28 19 27 16 16 21 24 24 17 23 15 14 14 12 15 11 15 21 11 10 14 14 12 14 14 14 14 24 25 19 14 13 13 15 16 18 23 20 15 23 22 19 19 20 20 19 22 15 21 14 18 16 17 14 15 19 17 18 13 12 16 13 18 13 13 17 21 25 23 23 16 18 15 14 17 17 21 18 17 17 18 18 20 18 17 20 21
24 23 23 23 22 24 20 25 21 19 19 23 22 19 26 27 27 17 35 17 17 16 17 18 18 30 22 12 15 12 14 21 20 14 16 20 16 23 16 15 16 15 17 24 19 17 17 20 16 22 22 18 24 19 19 16 20 16 17 18 17 16 17 17 15 17 17 14 14 15 21 22 14 13 18 19 23 29 31 24 19 19 16 19 18 18 19 17 20 26 24 30 19 16 18 20
24 24 24 22 20 19 17 21 19 18 18 18 23 24 18 27 17 20 23 22 17 17 17 17 14 14 16 18 15 17 15 16 24 15 16 16 16 17 18 17 17 23 23 27 24 19 21 18 17 19 19 20 16 18 16 16 15 19 17 16 19 18 18 19 18 20 17 14 14 12 13 17 16 18 14 18 20 21 24 16 18 17 17 16 20 20 21 20 18 16 19 21 20 17 21 25
25 24 22 22 21 20 21 19 18 20 20 21 26 27 23 26 24 36 20 25 31 18 18 21 16 15 15 15 17 15 17 15 16 17 17 18 19 20 18 17 19 19 25 24 25 27 25 18 19 18 21 18 17 17 17 18 18 17 19 20 22 18 17 19 19 18 18 19 15 15 16 18 19 19 19 15 17 22 18 18 21 17 19 18 17 17 18 17 18 17 20 21 22 22 24 25
26 25 23 23 23 22 22 22 21 22 22 21 32 29 27 20 21 23 34 25 29 26 21 21 19 15 17 17 18 18 16 17 17 18 17 20 25 20 28 22 26 24 27 25 21 18 18 18 18 19 17 27 18 18 25 23 17 21 21 21 29 18 18 18 20 17 20 14 20 15 17 16 19 20 17 14 18 17 19 17 18 19 20 19 21 17 17 18 18 20 21 20 25 27 27 28
24 27 25 24 25 23 23 22 24 26 24 23 25 22 21 26 23 27 32 30 23 19 20 21 19 18 20 21 19 20 18 21 22 21 24 21 20 20 26 19 18 23 19 26 22 22 19 20 21 19 23 19 17 25 20 17 22 22 27 28 23 21 18 21 25 18 18 19 20 17 17 17 19 21 21 44 18 17 17 17 21 20 21 18 18 19 18 18 20 22 20 21 19 22 26 26
27 25 25 24 25 25 25 33 35 28 25 26 23 21 25 24 23 35 31 21 32 23 21 27 22 29 21 31 19 20 26 27 21 23 19 20 20 22 22 18 19 20 30 31 31 22 21 22 21 20 19 22 19 22 20 17 20 18 18 18 22 20 18 19 21 18 19 19 17 18 16 21 25 18 22 24 29 20 19 17 21 22 20 18 20 19 20 22 19 21 20 19 20 30 27 22
26 24 25 25 25 24 25 30 33 24 28 24 22 24 27 29 27 30 27 41 22 22 40 25 24 27 28 22 25 21 23 32 20 22 20 24 21 26 22 21 20 31 30 30 29 23 23 20 23 20 17 19 19 20 26 18 19 17 20 16 19 19 17 19 20 18 21 19 20 18 19 19 18 18 19 21 28 29 31 28 23 21 19 22 18 22 23 25 27 21 18 21 23 24 23 24
32 33 27 29 27 23 27 30 27 28 25 26 24 28 29 29 28 28 27 33 41 32 25 31 30 25 32 21 25 23 25 23 26 24 21 23 22 24 28 22 22 22 31 23 23 31 31 22 28 21 21 20 20 21 20 19 21 19 17 19 16 17 18 22 26 19 19 19 21 18 19 22 20 22 19 23 24 28 26 30 20 19 20 24 27 26 28 26 21 21 20 21 23 31 27 24
26 27 26 28 27 28 26 26 30 26 27 25 24 32 26 27 26 27 40 41 36 31 27 29 27 23 25 24 24 26 28 21 23 25 22 23 25 32 24 24 21 26 23 35 24 30 33 29 22 23 22 25 28 22 23 24 20 19 19 20 20 18 19 21 21 20 22 23 18 21 19 18 20 21 20 22 26 26 21 24 29 28 30 27 24 24 28 22 24 22 23 23 22 22 21 20
24 26 33 34 28 29 30 28 28 26 27 25 30 30 27 28 27 33 29 31 30 30 27 23 26 22 25 24 26 25 24 23 25 22 22 25 32 33 25 33 21 25 25 24 26 24 24 25 34 28 30 23 23 24 23 20 18 17 19 15 17 25 16 20 25 24 26 31 31 21 19 20 23 21 17 19 20 21 21 21 22 22 25 28 32 30 20 23 23 25 27 22 20 23 28 28
25 29 35 31 28 28 28 28 28 27 26 26 37 42 28 28 32 32 43 28 28 33 26 28 26 23 25 27 36 27 26 29 24 23 30 24 25 28 26 25 22 24 25 24 24 24 23 34 31 23 21 21 23 23 21 20 19 18 19 16 18 23 20 19 18 30 23 25 28 24 29 21 23 34 24 24 22 21 26 22 22 22 26 23 22 23 30 29 25 23 21 24 23 24 26 28
28 28 30 37 34 28 29 28 29 28 28 28 38 34 40 30 36 35 36 33 28 30 27 25 24 30 25 28 29 26 30 34 24 25 21 26 27 26 24 27 26 25 25 25 24 31 28 32 32 32 35 33 22 25 26 23 17 17 20 20 23 30 25 22 21 23 25 23 30 25 23 26 27 23 23 22 20 21 24 22 22 21 24 24 24 28 31 31 25 26 25 25 24 25 26 23
33 34 38 33 36 29 28 30 30 28 28 26 37 36 32 29 37 31 38 37 28 30 30 26 27 26 26 28 25 28 29 27 26 24 23 27 25 26 26 28 26 25 26 26 24 26 26 36 36 29 25 25 28 30 18 26 19 18 20 22 22 27 30 24 27 18 28 31 29 24 28 31 32 22 24 25 25 19 23 25 22 23 24 25 23 27 25 25 24 25 24 27 26 26 25 21
28 28 40 38 35 34 30 30 28 29 28 39 36 41 30 34 31 32 34 39 38 30 29 27 26 26 28 29 29 29 30 29 29 29 24 27 25 31 29 29 26 27 26 26 30 35 23 26 27 26 32 29 21 25 22 21 19 23 20 21 24 22 29 27 30 28 18 21 30 23 24 28 23 22 23 23 20 25 31 37 28 26 28 33 30 32 26 25 26 26 24 26 30 24 26 25
26 26 26 31 31 32 31 29 30 36 37 43 34 30 30 35 43 35 46 31 30 30 27 28 27 30 28 30 27 28 27 30 31 32 29 25 29 30 30 29 30 25 30 28 26 36 29 29 29 36 26 22 21 28 25 23 21 21 22 21 26 32 29 30 31 31 20 29 28 32 25 30 29 25 22 22 24 24 26 33 22 22 26 25 27 28 24 24 25 24 28 24 26 25 28 27
26 30 28 29 27 29 26 40 31 31 28 29 28 37 34 38 31 33 37 41 39 29 30 29 30 28 33 32 31 29 31 30 35 29 27 26 26 28 29 28 34 29 30 30 30 31 30 26 25 23 23 28 24 34 33 32 21 23 23 21 23 23 29 29 26 26 21 22 33 23 30 34 25 25 23 22 22 24 29 24 33 29 23 24 24 30 24 25 25 25 26 26 26 26 29 29
36 37 33 28 25 29 24 31 26 26 26 29 33 36 39 31 37 40 45 38 38 32 31 30 33 31 30 29 32 31 27 37 34 30 26 27 27 29 31 32 30 31 32 31 31 28 27 25 25 30 29 28 28 30 23 38 25 24 27 22 27 26 25 25 24 22 25 24 30 36 31 34 25 27 24 24 23 28 23 28 29 30 26 26 26 27 25 25 25 25 25 27 27 27 27 27
33 28 28 27 25 29 28 25 26 24 27 25 25 26 36 25 31 28 27 29 30 27 34 35 31 32 35 32 32 31 34 38 37 28 33 36 33 30 30 30 37 29 31 28 27 27 27 26 28 31 38 27 25 34 28 40 23 23 24 22 28 27 26 26 22 27 36 31 33 31 32 28 26 26 21 24 25 23 22 21 24 24 27 29 35 34 26 25 25 25 26 26 25 27 26 25
30 24 26 29 26 24 24 26 24 27 27 22 24 25 23 29 24 27 28 27 24 25 34 28 29 32 33 33 35 42 36 38 38 30 30 39 36 40 30 31 40 41 30 28 31 29 28 28 30 35 35 28 29 29 31 26 22 25 29 25 23 25 25 23 28 32 35 35 38 33 26 24 24 23 23 26 29 30 33 25 25 24 32 26 28 30 30 32 33 29 27 25 27 26 26 25
29 27 26 24 24 23 24 30 35 31 28 24 22 22 23 25 23 25 26 24 23 26 33 30 31 31 34 31 39 41 38 34 37 36 32 42 42 46 32 35 44 37 40 31 31 29 29 29 39 39 32 35 30 24 24 24 27 26 33 32 31 25 25 26 27 36 26 35 39 34 24 23 24 24 24 24 28 32 34 34 25 25 27 34 25 35 37 25 28 27 26 25 26 26 27 26
25 23 26 22 24 24 24 29 22 27 27 24 30 26 24 23 25 27 27 28 29 26 28 29 27 27 29 30 35 42 38 44 33 40 34 42 42 42 34 38 43 42 40 29 33 32 42 34 33 32 30 27 26 26 27 27 32 36 32 40 26 26 25 25 25 25 28 36 37 29 25 28 23 28 28 34 28 25 27 30 27 27 27 34 34 27 29 29 26 27 28 32 26 25 25 28
23 19 18 20 22 23 23 25 28 28 30 27 22 25 22 23 23 22 24 23 23 23 25 27 28 26 28 43 43 46 45 36 35 36 46 39 43 40 35 45 42 35 35 34 33 31 30 32 26 28 29 29 29 29 29 29 28 37 28 37 34 32 29 27 38 23 27 38 27 29 27 24 25 24 25 31 30 28 28 28 31 29 30 37 37 36 38 34 34 33 40 31 28 27 29 27
21 20 21 19 20 22 19 24 30 27 24 22 21 20 23 21 22 20 22 24 24 27 24 30 29 26 28 39 46 35 40 50 42 40 49 48 39 42 38 45 45 40 36 37 34 33 31 32 32 36 29 31 29 34 35 29 42 31 29 37 33 27 28 30 27 28 36 30 28 28 26 28 20 23 26 30 27 26 29 27 28 26 27 42 35 38 26 38 37 27 31 28 27 27 29 28
19 22 18 18 23 20 20 22 26 21 23 22 20 20 22 22 20 23 22 28 27 31 27 26 27 30 33 39 45 43 36 40 38 40 48 42 35 39 41 42 36 39 45 36 35 35 35 32 31 31 30 38 32 34 30 30 36 33 32 29 27 28 29 27 27 28 27 30 33 27 27 37 34 27 27 28 27 30 33 26 26 27 33 34 35 37 37 39 29 26 27 27 28 27 30 31
19 19 22 19 18 19 21 19 23 23 19 21 21 21 21 20 22 23 21 21 26 22 22 25 30 25 26 30 32 40 40 41 47 49 38 38 36 39 38 45 46 49 39 36 37 37 33 33 32 32 32 39 39 36 30 31 39 31 29 35 27 27 29 29 32 36 37 36 36 33 29 29 29 29 27 26 28 28 27 29 28 32 33 33 35 36 38 39 28 29 28 30 30 31 32 33
16 21 17 18 20 17 20 21 17 20 20 19 20 20 22 23 22 21 21 23 22 24 24 24 26 31 30 29 31 45 49 42 45 40 42 49 42 37 40 48 43 49 38 35 36 37 35 32 35 37 37 38 33 37 39 40 36 33 31 27 29 34 29 31 38 33 32 34 37 34 29 40 29 29 27 29 29 30 28 32 31 37 39 39 38 30 32 30 28 33 30 31 31 32 33 33
19 18 19 22 17 19 19 18 25 17 23 20 18 32 21 21 22 23 23 22 21 26 32 24 27 29 33 40 32 47 47 43 39 40 40 40 49 38 40 51 50 40 43 47 38 36 36 37 39 46 44 34 34 34 37 40 35 32 31 31 32 29 33 32 30 35 33 38 35 42 36 31 30 29 31 33 32 32 31 30 33 38 38 39 36 32 30 31 31 31 32 32 32 33 34 36
16 16 30 19 18 18 19 18 24 19 29 19 22 20 18 22 24 24 20 21 23 26 23 26 23 31 35 35 34 40 34 38 41 39 40 51 41 42 39 46 51 43 53 43 41 40 38 39 39 37 39 36 36 40 39 35 33 32 33 37 36 42 37 30 33 39 36 32 43 30 33 31 35 31 32 31 31 31 29 33 34 36 40 37 32 28 31 31 32 34 33 33 35 34 34 32
17 16 21 19 17 16 16 18 17 20 24 16 21 27 28 26 20 19 20 24 24 25 26 32 27 35 33 28 41 32 34 37 40 39 50 45 45 42 42 47 52 46 44 51 48 43 40 39 43 41 46 40 40 44 34 39 31 33 34 37 38 44 31 34 34 37 40 34 32 32 33 34 37 31 35 33 32 33 33 33 36 34 37 39 32 31 32 32 33 33 37 40 36 33 31 31
30 19 19 19 24 27 19 14 17 21 18 23 18 17 23 19 18 22 22 25 24 25 24 26 25 27 30 39 41 44 36 35 40 43 46 46 47 46 43 45 48 40 44 46 45 43 43 41 48 52 42 47 41 45 38 40 33 32 35 36 44 40 34 35 36 33 41 35 36 34 34 35 35 33 36 33 41 34 34 30 30 33 32 34 36 35 35 35 36 35 35 36 32 31 31 33
29 20 22 24 19 14 13 14 16 22 18 17 17 19 18 19 20 30 28 24 24 24 27 29 26 25 31 31 30 32 30 32 42 50 44 38 44 45 43 45 50 48 43 46 48 43 43 44 44 43 44 43 40 40 39 44 39 37 37 40 37 38 37 35 35 36 53 39 35 35 33 34 35 33 37 39 38 35 33 35 40 34 33 36 37 44 33 35 38 36 39 32 31 30 33 34
32 34 17 16 17 23 17 26 20 23 26 23 33 22 23 23 25 27 16 20 23 22 27 29 22 22 29 33 35 32 32 32 34 37 41 41 43 46 46 46 48 46 47 48 50 49 47 44 44 43 40 41 42 40 46 45 48 44 40 41 38 38 38 39 39 41 43 40 37 36 35 36 43 36 35 32 35 29 32 33 34 33 34 29 33 36 33 39 41 32 34 32 33 30 31 29
14 13 12 21 16 18 22 28 20 18 18 21 24 20 21 28 29 29 25 27 24 19 19 24 24 30 35 32 30 32 34 37 38 44 38 38 41 45 45 50 47 49 49 50 49 50 44 46 45 42 48 46 49 44 46 42 43 40 39 40 40 47 40 39 39 40 35 36 41 46 42 43 33 35 34 36 38 39 34 42 43 42 39 43 34 32 33 32 34 31 31 31 31 33 29 28
11 12 13 13 17 16 18 18 19 16 18 22 30 33 32 35 22 28 32 22 22 24 26 27 26 32 27 33 32 34 32 35 44 34 39 39 41 42 44 48 48 48 49 50 50 47 58 58 50 43 51 53 47 45 40 39 43 45 47 41 45 46 39 42 51 38 44 42 51 45 43 41 41 37 35 35 33 33 33 41 31 39 39 32 50 32 31 31 31 35 38 39 32 32 32 30
13 13 14 16 20 19 19 17 18 19 20 32 32 26 23 37 31 26 27 24 28 29 29 29 35 37 30 37 29 33 30 33 42 38 41 43 47 45 48 48 48 55 48 47 52 56 56 51 60 64 58 43 44 42 47 45 46 45 45 41 45 45 46 51 52 49 40 56 49 53 48 44 42 37 36 35 35 32 37 32 34 32 41 38 28 30 31 31 28 27 30 29 31 30 30 29
14 13 18 17 21 17 21 18 20 23 28 27 34 29 23 25 23 31 30 31 29 27 28 26 28 29 33 39 35 38 47 39 41 41 40 40 46 42 44 43 53 48 59 52 53 58 57 58 65 59 50 49 51 46 47 49 47 48 45 44 45 45 46 44 51 52 42 45 54 42 42 43 47 38 36 36 35 34 33 35 40 33 38 37 32 34 37 40 38 31 33 31 34 32 30 32
19 17 16 18 17 18 18 21 22 26 24 25 23 22 23 25 28 25 27 28 27 26 24 27 27 30 31 29 35 32 31 35 36 34 35 38 41 41 45 41 53 49 50 51 54 46 53 63 63 47 58 61 56 64 49 48 57 58 59 45 45 47 47 44 45 48 43 48 46 45 41 38 41 38 41 36 36 35 36 38 33 33 35 34 32 32 34 35 29 29 33 31 31 30 30 31
13 17 22 19 22 24 23 25 29 24 24 20 19 21 22 23 25 27 26 24 26 24 32 31 28 29 33 31 32 34 35 40 32 38 42 48 46 51 41 39 41 46 48 49 51 58 56 66 63 65 64 66 56 56 51 52 48 55 48 45 49 57 50 53 54 45 48 49 51 46 41 41 44 42 41 39 44 41 37 40 36 36 37 37 40 35 30 38 34 36 32 30 29 31 31 32
20 19 18 24 20 23 21 21 23 24 20 15 20 21 21 20 21 29 29 26 26 27 29 27 30 34 33 34 34 35 35 45 44 35 36 37 37 45 40 42 44 52 62 59 64 59 61 66 65 62 66 61 59 61 59 63 53 64 51 47 54 53 52 51 60 50 54 51 53 48 47 51 44 44 42 40 42 43 38 39 36 37 36 39 34 31 34 35 31 34 37 30 29 31 32 33
20 20 21 20 22 24 23 21 22 21 20 23 32 24 25 25 25 22 22 28 24 25 29 29 34 31 32 32 34 32 34 34 34 33 36 38 39 41 42 40 42 46 50 65 61 51 57 66 65 66 60 61 62 69 59 58 57 55 54 55 53 55 56 53 54 50 52 50 54 56 49 47 52 53 43 43 41 42 38 43 38 36 39 34 34 33 34 31 30 34 30 38 29 29 29 30
20 21 20 19 22 22 19 18 16 19 18 19 23 22 19 34 22 33 34 27 25 25 25 29 30 32 35 33 30 29 30 38 35 36 37 41 39 43 42 42 44 50 46 47 47 52 56 51 58 59 66 70 65 59 62 59 55 58 61 57 55 60 60 59 58 54 54 55 59 59 47 60 47 48 44 46 50 42 40 39 44 35 37 36 34 31 32 31 33 30 29 34 29 35 30 29
18 21 18 18 17 19 18 19 18 18 23 29 27 22 22 18 21 25 27 28 27 25 26 27 28 27 30 30 28 30 31 34 37 37 39 39 41 41 45 44 45 48 50 51 52 55 54 57 63 57 61 59 60 59 73 60 56 55 58 60 60 60 60 60 58 57 59 60 65 59 51 49 49 50 48 48 42 47 43 39 38 37 34 36 36 34 34 33 31 30 34 30 30 31 31 32
19 20 20 18 21 20 17 22 23 21 21 29 19 21 21 26 22 26 25 26 26 33 37 30 28 33 32 31 30 30 33 34 37 40 38 40 41 44 51 49 48 48 50 53 54 56 59 64 71 54 60 58 60 57 60 59 63 59 56 65 61 61 61 61 59 57 62 63 59 56 60 62 57 61 53 53 50 51 47 43 41 37 39 37 36 36 36 34 34 31 31 33 39 29 33 31
20 20 20 18 17 15 18 22 22 18 20 20 20 29 29 29 37 29 29 29 29 23 30 30 30 32 33 33 32 38 34 38 44 48 41 40 44 47 49 53 58 56 55 54 56 57 61 70 71 72 61 61 61 68 54 62 64 63 59 61 60 63 63 64 62 56 65 63 58 63 62 70 59 61 58 64 62 61 60 54 44 43 39 43 39 39 39 33 33 34 30 32 30 34 30 31
14 15 17 16 16 17 17 19 20 23 20 21 21 27 24 21 19 21 23 21 22 29 32 28 28 31 34 33 35 42 39 47 47 44 50 46 47 48 54 56 56 60 61 60 60 58 72 72 74 62 63 61 64 60 61 60 66 63 65 65 62 65 70 65 60 63 63 59 62 63 66 64 61 62 63 66 65 67 63 62 64 63 46 41 40 37 36 37 36 31 33 34 34 35 32 37
16 15 14 14 15 11 14 18 20 20 24 33 32 20 19 21 19 22 25 25 22 21 26 27 30 31 43 38 49 39 43 50 48 42 44 48 47 51 56 60 58 55 58 57 68 77 78 77 76 67 73 70 66 67 73 65 65 65 66 66 63 61 65 64 65 64 63 60 63 67 69 73 68 66 66 67 65 60 56 58 57 63 50 48 43 44 40 43 34 33 35 32 31 35 35 41
14 14 14 13 13 15 17 25 45 27 22 20 18 24 22 17 19 20 19 23 21 28 26 29 32 37 41 42 40 43 49 49 42 40 37 39 47 43 47 50 49 50 59 63 61 62 64 63 64 71 69 69 75 75 64 66 66 65 67 69 67 67 70 67 66 67 65 66 65 66 66 73 73 71 65 67 65 64 65 64 62 63 66 75 70 51 46 50 44 42 39 33 30 31 36 40
18 16 16 13 14 15 17 15 19 21 24 23 20 19 19 20 19 11 17 24 30 28 26 24 31 43 37 40 40 36 35 35 45 41 40 40 41 44 44 56 58 69 72 75 74 65 67 59 65 70 63 66 68 69 67 66 68 70 71 71 68 70 69 67 68 70 68 68 64 68 71 69 65 68 71 72 70 68 63 66 64 70 72 76 77 65 55 46 47 42 37 34 35 34 34 31
16 12 16 15 20 20 15 17 17 23 18 21 17 19 20 21 20 20 20 21 26 26 29 29 27 32 41 34 31 31 38 36 35 40 38 40 41 51 54 50 60 55 67 55 56 56 60 61 61 63 64 68 66 76 70 68 67 81 71 76 70 71 73 69 72 73 71 68 69 71 71 80 81 76 71 72 70 68 78 74 66 72 75 78 82 77 71 57 40 40 39 38 35 34 35 37
15 15 21 15 14 14 14 17 17 19 18 20 20 20 22 25 23 22 24 23 39 27 27 25 28 28 29 35 39 34 31 35 40 33 36 47 53 47 45 44 43 49 46 56 65 68 64 67 65 66 67 66 72 79 78 73 70 69 74 72 71 72 73 74 72 72 73 70 68 71 72 72 72 74 71 70 73 72 83 76 72 80 84 75 62 53 51 45 45 52 52 36 33 31 33 32
15 15 21 15 19 20 18 18 20 18 21 19 18 21 20 20 22 24 22 24 28 24 25 24 29 29 32 35 30 33 34 37 35 35 50 45 42 38 38 42 43 45 54 67 75 78 69 72 69 71 72 78 70 72 71 72 72 74 72 71 73 73 73 74 74 72 73 73 73 73 74 75 80 74 81 77 75 75 85 85 76 82 67 63 55 52 66 84 83 41 42 37 35 32 35 34
25 14 15 16 17 17 19 16 20 20 18 18 21 27 31 31 37 29 28 27 25 24 25 24 27 29 28 28 32 32 27 35 41 33 36 34 37 38 39 41 41 41 48 54 66 60 79 62 70 72 74 61 68 69 75 74 72 74 74 73 75 75 74 75 76 80 75 74 76 76 74 74 79 83 78 85 77 85 87 82 81 81 80 56 54 79 80 81 51 34 36 44 33 35 34 32
16 17 16 21 18 20 18 22 32 30 21 34 29 44 40 37 44 32 26 22 22 21 24 27 20 23 20 27 35 34 32 40 31 33 33 44 38 33 41 41 49 46 48 45 47 63 74 71 77 72 61 70 70 75 69 82 76 81 71 73 77 75 76 77 75 76 80 78 84 85 86 86 85 81 88 84 84 81 81 75 62 67 58 61 78 75 86 89 90 73 47 36 31 33 32 36
17 16 18 21 18 31 37 35 34 34 24 21 20 33 43 35 37 26 23 22 31 21 24 23 24 30 31 30 32 34 32 26 35 39 35 33 30 31 33 35 40 49 42 43 45 51 66 77 59 52 59 65 62 66 67 69 84 71 73 76 75 76 79 77 78 80 82 79 82 79 82 87 91 90 80 74 75 82 78 66 66 62 84 79 83 86 84 94 81 50 41 37 38 38 32 35
16 17 31 33 29 47 50 29 39 30 37 52 48 31 46 41 37 29 35 38 31 24 24 27 26 44 38 39 38 34 24 38 31 29 34 31 40 33 39 37 38 43 44 43 45 49 47 52 51 54 56 68 69 71 75 81 80 74 79 80 77 75 77 81 79 88 90 88 80 76 80 82 82 84 82 81 82 71 68 61 67 64 70 79 83 85 87 82 81 59 39 41 38 40 35 31
17 19 32 49 38 31 30 21 23 43 30 22 22 22 23 20 23 19 22 23 25 24 27 52 49 45 45 46 47 33 24 30 31 29 30 33 40 38 39 45 37 35 37 38 39 40 40 43 47 48 58 68 66 57 75 76 81 73 75 82 87 85 77 78 78 78 82 84 81 78 80 84 93 92 94 93 80 83 69 83 88 79 87 86 95 90 84 84 95 63 46 42 35 33 33 30
28 19 17 15 19 22 21 20 31 27 24 19 23 30 21 19 22 23 23 26 24 40 44 46 41 46 48 27 27 25 24 27 24 29 32 44 38 33 33 37 37 32 32 38 46 43 41 42 44 48 55 50 50 63 64 76 71 74 75 78 81 77 73 77 75 75 85 88 76 97 80 80 80 97 91 85 87 68 70 78 95 87 89 85 96 95 93 93 64 43 46 44 45 35 34 33
15 25 34 16 16 17 21 24 20 21 38 38 17 19 20 25 23 23 36 42 29 33 38 36 46 29 26 23 21 23 24 30 41 53 34 31 30 37 34 37 36 35 33 33 40 40 42 41 44 48 50 55 48 54 57 66 78 75 74 81 76 81 76 80 76 75 78 81 80 85 81 99 91 96 88 79 73 78 76 89 89 96 96 100 92 100 92 69 50 40 39 40 40 39 35 34
12 21 22 17 19 20 16 14 24 17 33 21 34 27 23 18 24 25 23 28 46 37 29 31 27 40 23 24 24 27 24 42 29 26 34 29 29 30 32 39 40 37 40 41 36 45 53 41 43 43 45 49 50 58 61 84 69 64 67 64 69 86 80 92 82 76 77 79 82 77 80 91 88 78 75 75 79 83 88 87 97 92 94 91 99 88 66 54 34 43 41 41 35 34 30 32
25 34 30 28 38 21 20 20 30 47 65 62 47 55 36 27 35 48 44 24 29 42 27 26 24 23 31 31 32 44 48 40 31 37 39 35 30 30 38 32 47 51 34 37 40 38 40 41 45 45 46 47 51 51 54 55 56 66 73 73 69 80 76 74 83 86 77 76 74 71 78 78 75 80 81 84 89 91 78 74 94 88 79 84 77 61 66 34 44 42 38 39 37 36 33 32
47 32 35 38 40 22 37 26 17 21 19 21 22 23 23 21 22 23 31 46 59 21 21 23 31 31 44 57 66 46 41 32 24 26 29 29 33 46 62 34 30 38 32 35 29 36 38 39 39 43 44 45 48 49 54 53 56 66 75 88 88 90 71 107 83 75 76 78 74 71 73 70 87 84 86 85 92 88 75 74 84 83 91 91 91 69 54 49 42 42 41 38 35 35 36 33
