rasters/Clipped_Flanders_tif/Flandersaltitude_2km.asc
ncols        404
nrows        99
xllcorner    2.541250000000
yllcorner    50.687080000000
dx           0.008341584158
dy           0.008266060606
NODATA_value  -1
[rows 0 to 62 of 99, columns 96 to 191 of 404]
0 0 0 0 0 0 0 0 0 0 0 0 0 0 0 0 4 0 -2 -1 0 -1 -1 -2 -2 -2 -1 -1 -1 0 -1 1 7 4 0 1 2 -2 -2 0 1 -1 0 0 1 0 0 0 2 1 0 -1 -1 2 -1 0 -1 0 -1 3 1 0 0 -1 0 0 1 1 2 -1 -3 -5 -3 -3 -3 -1 -2 -1 -3 0 -5 -3 -4 -3 -2 -2 0 0 0 0 0 0 0 0 0 0
0 0 0 0 0 0 0 0 0 0 0 0 0 0 0 0 0 0 -1 5 -2 -2 0 -3 -2 0 -2 -1 -3 1 2 0 2 1 1 0 -1 0 -1 0 0 -1 -1 -1 -1 -2 0 -1 0 1 0 0 0 -1 0 -1 -1 1 0 -1 -2 4 -2 -5 -2 3 -1 3 -2 -1 -3 -3 -3 -2 -1 -1 -3 -3 -4 0 -3 -5 -5 -4 -1 9 0 0 0 0 0 0 0 0 0 0
0 0 0 0 0 0 0 0 0 0 0 0 0 0 0 0 0 0 0 0 6 0 -1 -1 2 0 -2 -1 -2 -1 3 6 0 0 -2 -2 -1 1 0 -1 0 -1 -1 1 2 -3 0 1 1 -1 1 0 0 0 1 0 2 -1 -2 -3 -3 -2 -3 -2 -3 -3 -3 1 0 -2 -2 -1 -1 0 0 -1 -3 -4 -3 0 -4 -3 -4 -2 1 0 0 0 0 0 0 0 0 0 0 0
0 0 0 0 0 0 0 0 0 0 0 0 0 0 0 0 0 0 0 0 0 4 0 0 0 -1 1 1 -1 -2 -2 -1 -2 -1 0 -1 -1 1 2 0 -1 2 3 0 7 2 -1 -1 0 0 -1 0 1 0 -1 1 0 -1 -2 -2 -3 -1 -4 -3 -3 -3 -1 -1 -1 -2 -2 0 -2 -3 0 -3 -4 -4 -4 0 -2 -2 -2 -2 -1 0 0 0 0 0 0 0 0 0 0 0
0 0 0 0 0 0 0 0 0 0 0 0 0 0 0 0 0 0 0 0 0 1 1 0 -1 1 -1 -1 1 -1 3 1 -1 -1 -2 -1 -1 1 0 3 0 4 3 0 0 3 4 0 0 0 0 -1 0 0 -1 0 1 1 2 -2 -4 -4 -3 -2 -2 -3 -3 -2 -2 -4 -3 -3 -5 0 2 -2 -2 -3 0 1 0 -2 0 -1 1 -1 0 0 0 0 0 0 0 0 0 0
0 0 0 0 0 0 0 0 0 0 0 0 0 0 0 0 0 0 0 0 0 0 0 -1 1 2 1 -1 2 3 2 1 0 -2 -1 -2 -3 0 0 3 0 0 3 7 7 5 1 -1 -2 -2 0 0 -2 -1 4 0 -1 -1 -1 0 -1 -2 -2 -2 -3 -2 -1 -1 -1 -3 -2 -1 -2 -3 -2 0 0 -3 -1 1 -1 -1 -3 1 0 -1 -2 0 0 0 0 0 0 0 0 0
0 0 0 0 0 0 0 0 0 0 0 0 0 0 0 0 0 0 0 0 0 0 0 0 1 1 1 1 1 3 4 0 -2 -1 -1 5 4 4 0 0 -1 5 2 0 7 2 0 3 3 -1 -1 2 0 0 2 0 -1 -1 -1 -2 -3 -2 -2 -3 -3 0 -2 -2 -1 -1 -3 0 0 0 0 0 0 0 -2 -1 -1 -2 1 -1 -2 -2 -3 -2 0 -1 0 0 0 0 0 0
0 0 0 0 0 0 0 0 0 0 0 0 0 0 0 0 0 0 0 0 0 0 0 0 0 0 0 5 4 8 2 -1 0 0 0 2 0 0 0 0 0 0 4 -1 6 1 10 0 0 -1 1 -1 -1 -1 0 -2 0 -1 -1 0 -2 -2 -1 -3 -1 -2 -3 -2 -1 -2 0 0 0 0 0 0 0 0 0 0 0 -3 -1 -1 -1 -2 -2 0 2 -1 0 0 0 0 0 0
0 0 0 0 0 0 0 0 0 0 0 0 0 0 0 0 0 0 0 0 0 0 0 0 0 0 0 0 0 0 0 0 0 0 0 0 0 0 0 0 0 0 0 0 6 2 3 -1 -1 -2 -1 -1 -1 -2 -1 0 -1 1 0 -1 -1 -2 -1 0 -2 -2 0 -2 -2 -2 0 0 0 0 0 0 0 0 0 0 0 0 -2 -2 3 0 -1 -1 0 -2 2 0 0 0 1 0
0 0 0 0 0 0 0 0 0 0 0 0 0 0 0 0 0 0 0 0 0 0 0 0 0 0 0 0 0 0 0 0 0 0 0 0 0 0 0 0 0 0 0 0 0 -1 -1 0 0 -1 -1 -1 0 0 1 -1 1 -1 0 -2 0 -2 0 -1 -1 -1 0 0 1 0 0 0 0 0 0 0 0 0 0 0 0 0 0 0 0 -1 -2 0 -3 0 0 0 3 2 1 2
0 0 0 0 0 0 0 0 0 0 0 0 0 0 0 0 0 0 0 0 0 0 0 0 0 0 0 0 0 0 0 0 0 0 0 0 0 0 0 0 0 0 0 0 0 0 -1 -1 -2 -2 -1 -2 -2 -3 -2 0 -1 0 -2 0 -2 0 -1 -1 -2 -2 -2 -1 1 0 0 0 0 0 0 0 0 0 0 0 0 0 0 0 0 -1 -1 -1 -1 -3 -2 0 1 0 0 0
0 0 0 0 0 0 0 0 0 0 0 0 0 0 0 0 0 0 0 0 0 0 0 0 0 0 0 0 0 0 0 0 0 0 0 0 0 0 0 0 0 0 0 0 0 0 0 0 0 0 0 0 -1 -2 -2 -2 -1 -1 -1 0 0 0 -2 -2 -2 -1 -1 -1 0 0 0 0 0 0 0 0 0 0 0 0 0 0 0 0 0 0 0 0 -1 1 0 0 1 1 0 1
0 0 0 0 0 0 0 0 0 0 0 0 0 0 0 0 0 0 0 0 0 0 1 1 0 0 0 0 0 0 0 0 0 0 0 0 0 0 0 0 0 0 0 0 0 0 0 0 0 0 0 0 0 -3 -3 -3 -2 -2 -2 0 -1 0 0 -1 -1 -2 -1 0 0 0 0 0 0 0 0 1 -1 -1 3 0 0 0 0 0 0 0 0 0 0 0 0 0 0 1 1 2
0 0 0 0 0 0 0 0 0 0 0 0 0 0 0 0 -1 1 -1 -2 0 0 0 -1 2 1 2 1 0 0 0 0 0 0 0 0 0 0 0 0 0 0 0 0 0 0 0 0 0 0 0 0 0 0 0 -5 -2 -1 -2 -2 -1 -1 0 0 0 0 0 0 0 0 0 0 0 0 0 -2 1 -2 0 0 -1 -2 0 0 0 0 0 0 0 0 0 0 0 0 0 0
0 0 0 0 0 0 0 0 12 1 1 4 4 3 2 0 -1 0 0 -1 1 0 1 0 -1 -1 -1 -2 0 3 0 0 0 0 0 0 0 0 0 0 0 0 0 0 0 0 0 0 0 0 0 0 0 0 0 0 1 0 0 0 0 0 0 0 0 0 0 0 0 0 0 0 0 0 0 0 -1 0 0 0 -1 -1 -1 0 0 0 0 0 0 0 0 0 0 0 0 0
0 0 0 0 0 4 1 1 2 1 1 -1 1 1 2 0 0 1 -1 2 -1 0 -1 -1 2 -1 -1 -1 -2 0 -1 0 -2 1 -1 0 0 0 0 0 0 0 0 0 0 0 0 0 0 0 0 0 0 0 0 0 0 0 0 0 0 0 0 0 0 0 0 0 0 0 0 0 0 0 1 1 0 -1 -1 0 -1 1 2 1 0 0 0 0 0 0 0 0 0 0 0 0
0 0 0 0 1 1 1 1 2 0 1 0 1 1 1 1 0 1 -2 -1 -1 -1 -1 -1 2 0 0 0 0 -1 3 -1 0 0 0 -1 -1 0 2 -1 -1 0 0 0 0 0 0 0 0 0 0 0 0 0 0 0 0 0 0 0 0 0 0 0 0 0 0 0 0 0 0 0 0 0 1 1 0 0 -1 1 2 2 0 -1 0 0 0 0 0 0 0 0 0 0 0 0
5 1 1 1 3 1 2 2 0 0 1 0 -1 0 -1 0 -1 -1 -1 -1 -1 -1 -1 -2 0 0 0 0 0 -1 0 -2 -2 0 -1 -1 0 -1 0 -2 -1 -2 -2 0 0 0 0 0 0 0 0 0 0 0 0 0 0 0 0 0 0 0 0 0 0 0 0 0 0 0 0 0 0 1 0 -1 1 -2 -2 -1 -1 1 0 -1 -1 -1 -1 -1 -1 0 0 0 -1 1 2 0
3 1 2 2 2 1 1 -1 2 0 -1 0 0 -1 0 0 0 0 -1 -1 -1 -1 0 -1 -1 1 0 -1 0 -1 -1 -2 -1 -1 -1 0 1 -2 -1 -1 -2 -1 -2 0 2 0 0 0 0 0 0 0 0 0 0 0 0 0 0 0 0 0 0 0 0 0 2 2 1 1 2 0 2 0 0 2 -3 -2 -2 -1 -1 -1 0 0 0 0 0 0 -1 -2 0 0 2 0 1 2
1 1 1 0 2 2 0 1 0 0 2 0 0 1 -1 -1 0 -1 -1 -1 -1 -1 -1 0 -1 0 -1 -1 -1 -1 -2 0 0 -1 0 -1 0 0 -2 1 -2 -1 1 -1 -1 0 0 3 4 1 0 3 5 2 1 0 0 0 0 0 0 0 0 0 -1 0 0 0 0 1 1 -1 0 1 0 2 2 0 4 -1 -1 -2 -1 0 0 1 -1 1 -2 -2 -1 -2 1 2 0 2
1 2 2 0 1 2 0 1 0 0 2 0 0 0 0 -1 0 0 0 -1 2 -1 0 0 0 0 -1 0 -1 -1 -1 0 0 -1 0 -2 -1 -1 0 -2 -1 -1 -1 0 0 1 -1 2 1 0 -2 2 1 1 1 1 -2 7 4 8 0 0 0 -2 1 -1 0 -1 0 -2 1 0 0 0 -1 0 1 0 -1 -3 -2 -1 1 1 -1 -2 -2 -2 -2 -1 -1 -1 0 -2 0 1
1 0 1 1 1 0 2 1 0 0 1 0 0 1 -1 -1 1 5 1 0 0 -1 1 1 -1 1 0 -1 -1 0 0 0 1 0 0 -1 -1 0 -1 -2 0 2 0 0 0 0 0 0 -3 -1 -2 -4 -2 -2 0 -2 4 0 1 5 3 -3 -1 2 0 0 -2 -1 1 0 1 -1 1 3 -2 -2 -1 -2 -2 -2 -1 -1 1 -1 -1 0 -1 -1 -1 -1 -3 3 0 0 2 0
1 1 2 2 0 2 1 2 0 0 -1 -1 1 0 0 0 1 1 -1 -1 0 -1 -1 -1 -2 -1 0 -1 0 0 0 -2 1 0 -1 0 -1 -1 0 -1 -1 -1 -1 0 -1 0 3 -3 -1 -1 0 -1 0 -1 -2 1 0 1 2 3 2 2 -1 -1 0 0 0 -1 -1 0 0 0 0 0 0 -1 0 -2 -1 0 1 0 -2 -1 -2 -1 -1 -1 0 -1 -1 -3 0 1 1 3
0 0 0 4 3 3 1 0 0 0 1 2 -1 1 0 0 0 -1 -2 -1 1 -1 0 -1 0 -1 0 -1 -2 0 -1 0 -1 -1 0 -1 0 0 0 -1 -1 0 -1 -1 -1 0 -1 0 -1 1 0 -1 1 -2 0 0 -1 -1 0 4 3 1 2 -3 0 -1 -1 -4 2 0 -1 -1 1 1 -1 1 0 1 -1 -1 -1 1 1 0 -2 -1 -1 -1 -1 -1 0 -4 0 1 1 0
0 0 3 1 -1 2 1 -2 -1 -1 0 1 -1 -1 0 -1 0 0 7 -1 0 0 0 -2 -2 0 -1 1 0 1 -1 0 0 -1 1 1 -1 -1 1 1 0 -1 0 0 2 4 0 1 -1 0 0 0 1 1 -1 -1 0 1 0 4 0 1 -1 1 1 -4 -1 0 -1 -1 -1 0 0 1 0 -1 1 1 0 3 0 -1 0 1 -1 -1 1 0 -1 0 1 1 -3 1 0 2
6 0 1 -1 1 0 2 0 -1 -1 -1 -1 1 -2 0 -1 1 1 1 -1 -1 0 -1 -2 -1 -1 -1 1 0 0 -1 -1 0 -1 -1 0 0 -2 0 -1 -1 0 0 -1 4 -1 0 6 2 0 0 2 2 3 0 3 1 0 1 4 0 -1 0 2 -1 -1 -2 0 1 0 0 -1 0 2 0 1 1 -2 5 0 0 1 0 0 3 -1 0 8 8 0 0 1 2 0 1 1
0 -1 0 1 0 0 0 0 0 0 -1 2 -1 -1 0 0 0 -1 -1 -1 -2 0 -1 0 0 0 -3 -1 0 2 2 -1 0 0 -2 1 0 -1 0 0 0 0 0 0 0 0 0 0 1 -1 2 0 0 1 1 1 2 3 2 0 1 -1 0 1 -1 3 -1 0 -1 2 -2 -2 1 -1 0 1 0 1 5 2 -2 2 -1 0 3 3 3 5 0 0 0 5 0 -1 0 0
0 0 1 0 0 0 0 -2 -2 -1 0 1 1 0 -2 -1 -1 -1 -2 -2 -1 -1 -1 1 1 0 -1 0 -1 -1 -1 -1 0 0 -1 0 0 1 0 -1 -2 -1 -2 0 1 -1 0 1 0 -1 1 1 1 0 0 -1 -1 1 4 2 2 5 2 0 -1 -1 -1 1 0 -1 0 -1 -1 -1 -1 1 0 1 1 0 1 1 8 0 0 3 1 0 -1 -1 2 1 0 0 2 -1
-1 -1 0 1 0 0 0 -1 -1 2 0 1 1 2 1 2 0 6 -2 -1 1 0 -1 0 0 0 -1 -1 -1 -3 0 -1 0 0 -1 -1 -1 1 0 -1 -1 -2 -1 0 -1 0 -1 0 -1 0 1 0 0 0 0 1 1 1 0 0 5 2 0 1 2 1 2 0 -1 0 0 2 2 4 1 1 0 0 0 0 3 1 1 1 -1 1 0 -1 1 4 4 3 7 1 2 2
-1 -1 0 -1 0 0 1 -1 -1 -1 -1 -3 0 -1 -1 -1 0 -2 0 1 0 -1 1 0 0 1 -1 -1 -1 -1 1 7 1 -1 -1 -1 -1 -1 -2 0 0 -1 -1 0 1 0 -1 0 1 -1 0 0 0 -1 0 -1 1 2 3 2 3 1 4 0 1 -1 4 -2 3 3 -1 1 2 1 1 2 7 1 0 0 1 2 1 1 4 3 0 8 7 8 3 4 2 -1 -2 0
0 -2 -1 -1 1 -1 0 -1 3 -2 -1 -2 -1 0 0 0 0 -1 2 -1 0 0 1 2 -2 5 0 0 0 0 -1 0 -1 -1 0 0 1 1 -1 0 0 1 -1 -1 1 0 0 -2 3 0 0 1 0 -1 0 1 0 0 -2 0 0 -2 2 -1 0 6 7 6 2 1 2 1 0 2 0 -1 0 2 1 -1 -1 2 2 3 3 3 3 7 3 5 1 0 1 -1 0 0
2 5 3 -1 0 2 -2 0 0 -1 -1 0 1 3 0 -1 0 2 0 1 1 2 4 3 2 3 0 0 1 -1 -1 2 -1 0 -1 0 -1 0 0 -1 1 -1 0 1 0 -2 0 0 0 -1 0 -1 -1 -1 0 -1 0 -1 0 -1 0 1 1 1 0 0 -1 1 0 2 1 0 0 1 -1 -1 1 0 0 1 6 5 -1 5 11 11 5 10 9 0 1 0 -1 0 1 -2
0 1 0 -2 -1 1 0 -1 -1 0 4 0 2 3 1 1 1 2 2 0 -1 2 -1 0 -1 0 -2 -2 -1 4 -1 1 3 4 0 0 1 5 0 -3 0 1 1 0 0 1 1 2 0 -2 1 -2 0 1 1 3 -1 1 0 4 0 0 0 0 1 1 3 3 0 0 0 1 4 -1 1 0 4 1 4 2 12 7 11 5 4 7 5 5 10 12 4 3 0 -2 -2 0
0 1 0 2 0 -1 2 0 1 1 4 2 3 2 10 4 10 -1 0 1 -1 0 1 -1 0 1 0 -1 0 2 3 3 0 1 2 3 -1 0 0 1 4 4 1 0 1 0 2 1 3 5 -1 -1 1 0 2 3 3 -1 1 1 1 0 0 1 0 2 3 0 0 0 0 0 0 1 1 3 0 0 1 5 9 8 5 6 7 4 10 9 7 2 5 2 -1 -1 1 1
2 2 1 2 6 2 1 3 4 3 4 0 2 3 2 2 1 3 1 2 3 1 0 2 0 1 0 0 2 1 1 2 2 4 2 4 2 3 -1 2 3 4 3 5 1 0 1 2 3 3 1 2 -1 1 1 0 0 -1 0 0 1 0 3 1 1 -1 2 0 2 2 1 -1 0 3 0 0 1 3 3 5 2 8 7 5 3 6 7 4 4 3 2 2 2 5 3 3
6 7 11 7 9 6 8 13 8 10 9 8 9 5 3 3 4 4 1 3 7 3 3 2 2 5 3 4 5 1 9 2 2 2 3 2 3 1 2 2 5 3 2 3 3 2 3 2 0 0 1 1 0 -1 0 3 6 0 0 1 0 2 1 -1 -1 3 1 1 -1 0 1 4 1 0 -1 1 10 2 1 2 4 4 2 7 10 8 7 7 7 6 3 3 3 3 6 5
8 9 11 11 11 10 10 11 9 6 4 7 8 9 8 9 8 10 6 7 5 6 3 2 2 1 2 2 0 4 2 2 2 3 3 4 4 3 3 5 4 5 5 5 4 4 5 3 3 2 5 2 3 5 4 4 3 6 3 2 1 1 1 1 1 2 0 1 0 0 2 4 0 6 11 14 17 3 6 9 9 3 2 8 5 5 5 9 11 6 5 7 6 9 7 5
8 7 12 12 12 11 9 8 7 10 9 4 6 7 8 14 11 11 5 8 4 4 5 6 7 2 4 4 2 4 3 4 3 6 3 6 5 3 5 5 7 5 7 9 5 5 4 3 5 3 3 6 9 6 6 5 6 7 2 2 11 4 12 0 1 1 2 2 3 3 8 4 1 0 10 1 1 3 3 5 4 2 5 1 3 8 8 5 9 8 6 6 9 7 7 9
8 8 12 9 8 8 8 8 5 3 6 7 5 7 12 20 21 14 11 9 6 3 7 7 7 7 9 8 6 5 4 5 8 5 7 5 5 6 7 7 7 6 5 5 4 5 6 6 5 6 5 6 5 39 9 6 9 5 7 18 16 5 4 2 4 0 3 3 10 1 2 2 6 3 2 3 2 4 19 9 7 12 7 0 1 0 5 4 4 6 5 6 6 8 8 9
13 14 13 10 12 21 10 13 7 15 14 9 10 9 7 11 15 19 13 8 4 6 4 4 7 3 4 5 8 6 5 6 18 15 16 14 9 20 6 7 7 5 7 6 7 11 6 9 11 4 8 9 3 8 0 8 8 20 11 20 6 3 3 5 5 8 16 12 12 3 4 4 7 4 3 6 4 6 4 6 2 8 7 1 2 3 3 3 6 11 9 7 8 7 12 14
19 14 21 21 18 10 11 7 7 6 11 28 22 14 13 10 12 14 22 9 5 3 3 4 3 13 11 2 4 4 5 2 4 6 18 7 3 4 4 6 8 15 9 6 7 4 3 3 4 3 6 4 1 5 5 11 7 13 4 2 4 5 7 7 3 5 2 0 2 4 2 10 3 0 1 3 1 1 2 5 2 1 3 2 2 1 9 17 16 9 9 9 10 10 14 16
10 11 13 16 14 18 16 13 10 8 9 10 24 28 16 15 13 16 22 12 10 6 3 2 4 11 14 18 5 4 4 5 3 5 5 4 5 4 2 3 1 5 2 3 3 2 3 5 2 3 4 2 0 0 6 9 11 5 4 3 5 3 2 2 1 2 1 1 0 0 2 4 1 1 1 2 4 6 7 3 3 2 3 2 4 4 5 20 19 13 13 15 15 16 13 18
9 9 9 10 15 23 9 8 13 14 17 28 29 31 29 19 17 21 21 13 8 6 5 6 3 3 6 4 4 5 6 6 5 4 5 4 3 4 3 5 6 5 8 8 8 6 4 2 4 7 1 8 4 9 5 10 7 7 5 8 2 3 3 3 3 5 0 1 1 1 6 3 0 1 2 2 4 3 3 2 5 2 2 4 5 5 5 22 14 14 17 17 17 16 16 21
8 9 9 10 12 11 10 9 11 12 13 16 19 27 27 36 26 18 14 12 6 6 6 6 7 7 3 3 3 3 4 6 4 6 5 4 6 4 5 6 4 3 3 7 0 2 3 9 3 1 3 10 0 0 4 1 3 5 5 6 1 2 1 14 2 4 14 4 6 7 3 2 2 6 3 1 3 4 2 2 4 2 8 8 5 6 10 13 14 18 17 21 25 23 25 21
9 7 8 10 10 9 11 9 13 17 20 16 15 29 17 19 17 13 14 17 10 18 10 15 9 5 3 4 2 3 2 5 3 5 3 4 6 5 5 4 7 4 4 4 4 5 4 2 6 5 4 8 5 5 11 12 4 3 3 3 3 2 5 4 4 2 6 2 2 2 5 4 5 4 2 4 3 2 4 3 4 6 5 3 8 14 10 16 15 14 18 16 22 29 26 30
9 5 8 10 8 6 13 8 8 8 11 10 13 28 25 25 20 15 14 11 17 20 17 21 12 7 7 4 4 4 5 8 6 4 3 3 7 3 5 6 4 4 3 3 5 4 2 11 4 2 3 8 10 5 5 2 3 2 3 3 5 5 4 3 4 4 6 5 2 3 4 3 5 5 1 3 2 4 3 3 5 3 4 7 7 10 17 27 28 29 28 30 37 28 28 25
9 10 11 14 9 8 8 8 8 9 6 7 6 8 8 9 6 8 8 9 10 11 23 27 23 19 11 12 6 4 11 3 6 4 5 3 6 6 4 11 6 6 2 6 3 5 6 6 10 6 6 5 2 5 5 5 4 4 5 5 7 3 5 5 2 2 4 5 6 2 6 3 1 2 2 3 5 3 12 3 5 3 4 4 6 12 23 37 38 36 37 33 35 29 27 23
15 13 17 11 10 8 7 6 8 6 9 5 9 8 5 6 6 6 5 7 5 7 6 7 8 15 12 7 6 3 4 3 4 2 6 6 8 5 7 6 6 6 4 7 9 6 2 5 1 12 7 13 9 5 8 5 5 5 4 6 4 4 6 3 5 5 4 2 6 6 3 5 3 5 2 4 4 8 6 12 5 6 4 4 5 3 6 19 15 13 12 7 9 10 8 6
14 14 13 18 18 27 10 8 10 7 5 8 11 11 7 5 4 3 5 7 5 5 5 4 4 3 5 4 5 5 5 6 5 7 4 5 6 7 5 5 4 4 2 6 6 5 6 7 5 6 4 6 5 3 4 5 8 4 5 5 4 4 5 7 5 5 6 5 5 5 4 4 3 5 3 6 5 5 8 4 5 4 2 2 3 10 2 3 0 5 1 2 2 2 2 4
18 17 16 18 26 28 11 9 7 9 10 14 14 9 5 7 6 6 7 4 8 7 5 5 6 3 6 5 4 3 1 7 5 7 12 4 5 7 7 5 5 0 5 8 5 7 6 6 1 7 10 5 7 4 6 3 3 5 8 9 7 7 6 4 5 3 2 4 4 4 2 0 3 2 2 5 3 3 4 5 1 4 6 2 1 2 8 2 4 4 1 2 3 3 6 8
24 22 29 33 37 36 27 12 13 12 10 16 18 22 10 7 3 9 6 5 8 4 6 7 5 3 7 6 5 5 4 8 6 8 9 7 5 2 3 5 4 7 6 6 6 6 6 5 9 12 8 8 10 7 6 5 6 7 5 3 4 5 3 7 5 4 4 5 3 1 3 3 4 4 6 5 2 2 5 1 4 4 3 3 4 4 3 5 3 2 1 2 2 2 4 5
17 16 21 28 29 22 22 20 17 16 22 14 14 13 16 6 6 18 9 10 7 9 11 5 6 4 7 8 7 5 7 4 4 2 5 4 1 7 2 5 8 10 7 5 8 6 6 1 6 8 8 9 7 6 6 6 4 1 2 3 6 4 4 6 7 6 6 3 5 4 8 4 4 5 3 3 4 3 3 2 3 1 3 4 4 3 4 4 3 2 3 6 3 0 3 4
17 18 26 22 13 18 16 19 24 14 14 14 15 23 21 16 18 17 13 6 9 8 7 8 10 7 8 5 6 4 4 2 5 2 4 6 4 9 8 8 7 9 9 11 11 9 7 4 4 7 9 8 5 6 7 7 3 5 8 5 5 5 6 4 3 5 6 4 4 5 6 5 6 4 3 4 2 3 4 4 2 4 5 7 7 3 3 4 2 3 4 2 2 2 3 2
15 14 13 13 14 11 10 10 13 12 15 14 18 18 17 13 17 8 15 13 9 6 7 8 5 8 8 5 9 8 4 11 3 5 4 6 6 6 5 7 3 6 10 10 7 5 10 7 7 6 6 6 3 15 7 7 7 7 6 4 6 2 5 7 6 4 5 3 4 3 6 4 4 3 3 3 4 3 3 4 3 4 7 5 2 4 3 2 0 1 1 0 1 0 0 1
20 16 15 15 15 15 13 12 10 10 15 11 10 16 19 15 7 7 8 7 8 7 5 8 8 6 6 6 8 6 7 4 3 5 3 5 8 8 6 4 10 7 8 8 12 11 11 11 10 6 8 7 6 16 9 6 3 3 9 6 5 8 9 6 7 5 6 4 4 4 2 4 7 4 6 2 4 6 4 5 5 4 2 4 2 3 3 2 2 3 0 3 0 2 4 8
16 17 14 15 13 13 10 10 11 9 10 10 10 21 19 13 11 9 7 8 7 8 9 7 5 6 7 4 6 7 6 8 9 9 9 7 8 6 2 2 8 7 6 3 11 14 10 6 3 6 6 4 2 1 5 4 1 12 6 3 6 7 7 4 4 4 4 3 5 4 5 4 7 6 4 4 3 3 8 7 3 1 0 2 1 3 2 1 3 5 4 5 1 4 3 5
22 17 13 13 12 13 16 16 12 12 10 8 11 10 13 12 14 12 11 11 9 7 11 7 9 9 9 8 6 5 7 8 10 14 7 5 11 5 7 3 6 0 10 6 11 25 9 5 10 9 10 4 4 2 7 7 7 3 4 3 3 5 5 2 4 3 6 3 4 4 2 4 3 4 -1 5 4 9 0 16 0 3 2 2 2 1 0 0 1 2 -1 1 4 4 3 4
19 17 16 15 17 18 14 11 15 14 16 13 9 9 10 10 10 9 15 7 8 9 4 5 9 8 9 8 7 7 8 13 12 3 4 5 6 7 5 12 5 6 9 7 12 8 9 8 13 9 12 6 6 3 11 9 7 10 4 5 7 9 4 4 2 2 5 3 0 0 1 0 -1 0 6 9 4 2 11 3 0 1 -2 0 4 6 3 3 3 1 5 3 2 4 1 5
22 20 17 17 20 18 16 22 23 20 18 15 12 8 9 8 8 10 10 11 10 12 9 8 7 7 8 7 8 7 7 12 7 10 12 7 8 8 6 9 7 8 5 7 6 6 9 8 11 8 12 12 7 7 3 6 7 4 4 4 2 4 6 1 1 3 1 0 4 5 0 0 4 6 11 1 1 4 5 4 6 1 0 0 6 2 3 4 0 5 2 3 4 3 1 6
22 22 26 26 29 29 27 29 17 14 10 11 10 12 14 14 18 16 15 13 10 6 9 8 4 8 16 8 10 9 8 12 12 17 11 10 5 6 8 8 6 6 10 8 8 3 4 8 9 17 18 14 10 13 5 7 6 4 7 2 4 2 3 2 5 4 3 7 6 5 5 0 2 1 6 10 1 1 4 5 4 0 5 3 4 4 4 7 0 0 2 0 6 4 4 3
37 38 38 35 25 24 28 17 16 14 18 18 13 13 13 16 15 9 8 9 7 9 8 6 6 8 8 9 5 10 1 17 13 7 8 5 4 2 5 6 6 5 13 8 6 9 3 6 5 11 9 11 17 11 16 5 8 10 3 3 2 1 8 -1 7 19 14 9 7 7 8 9 5 5 5 8 5 2 1 2 7 6 7 3 4 5 6 3 10 3 2 2 1 4 5 4
35 23 18 18 16 17 19 34 33 35 22 12 10 10 9 9 10 9 8 8 10 4 2 12 7 4 4 3 8 14 2 5 8 5 6 8 8 8 8 5 8 7 5 5 6 3 4 5 10 11 10 18 25 19 15 7 12 1 4 5 9 9 7 7 11 12 13 19 11 11 11 8 9 7 8 9 9 9 6 8 7 9 6 4 4 5 3 2 3 0 4 5 4 7 7 5
20 16 14 11 12 10 17 25 14 18 11 11 11 9 7 7 10 9 11 8 3 7 9 5 3 6 7 9 6 8 6 6 7 9 7 8 7 7 4 6 7 7 6 6 6 8 2 22 20 20 16 15 18 30 14 8 15 16 12 16 17 15 10 9 7 10 22 10 10 12 17 20 14 12 5 9 10 8 8 8 10 10 5 8 5 12 3 2 2 2 5 7 7 6 5 7
