rasters/Clipped_Flanders_tif/Flandersaltitude_2km.asc
ncols        404
nrows        99
xllcorner    2.541250000000
yllcorner    50.687080000000
dx           0.008341584158
dy           0.008266060606
NODATA_value  -1
[rows 0 to 62 of 99, columns 192 to 287 of 404]
0 0 0 0 2 0 0 0 0 0 0 0 0 -2 0 4 11 8 5 3 9 12 13 16 7 5 7 5 6 7 7 5 5 7 6 5 3 4 8 7 8 8 7 6 8 18 15 20 18 12 14 12 10 12 19 10 10 15 12 14 9 8 8 7 9 8 5 9 8 7 5 7 7 5 5 7 3 4 6 11 11 17 8 11 10 9 11 12 14 14 23 25 24 24 29 32
0 0 0 0 0 0 0 0 -1 0 4 5 4 0 1 4 7 14 7 7 10 17 19 15 6 10 12 8 9 9 8 6 9 5 7 5 5 6 6 8 15 10 12 8 9 15 19 21 19 13 11 15 9 11 9 11 17 9 8 10 9 9 8 8 9 5 9 8 9 7 4 4 6 4 6 6 9 12 8 14 11 15 11 11 12 12 12 15 15 16 21 17 23 24 23 28
0 0 0 0 0 0 0 0 0 0 -1 -2 -2 2 0 0 2 13 10 9 12 20 20 20 15 15 7 12 10 10 8 9 7 7 8 7 13 14 8 7 10 11 10 9 12 13 24 23 13 11 10 12 14 14 11 11 10 13 10 10 10 9 8 6 6 7 9 9 7 4 5 6 6 11 17 7 6 8 11 16 10 9 12 10 12 13 13 15 16 16 18 19 22 28 29 28
0 0 0 0 0 0 0 0 0 0 -2 -2 -2 -2 1 1 2 1 1 14 11 14 18 20 25 18 10 11 22 14 15 12 7 9 8 8 9 12 8 8 7 12 11 11 12 12 20 12 12 10 12 10 11 12 9 18 12 10 9 9 8 7 10 9 7 10 9 11 6 7 8 9 16 5 6 8 9 10 12 12 12 10 12 17 14 12 16 16 16 15 17 19 20 24 32 22
0 0 0 0 0 0 0 0 0 1 0 -2 -2 -2 -2 -2 -2 0 1 10 12 10 17 15 22 24 20 9 19 13 13 9 9 10 8 8 13 13 10 11 8 12 14 13 13 19 24 16 14 12 20 16 17 15 14 12 8 10 10 8 10 11 12 6 7 8 11 8 7 8 10 15 8 7 9 7 9 8 13 13 19 20 21 13 16 15 16 16 18 18 19 19 22 20 20 27
0 0 0 0 0 0 0 0 0 2 0 -2 -2 -1 -2 -2 -2 0 4 22 18 18 14 19 20 26 22 16 11 18 9 12 10 10 13 19 14 12 10 11 10 10 11 12 11 21 16 12 12 11 13 10 19 12 13 9 11 12 10 11 11 7 6 10 11 11 8 9 12 11 11 10 9 11 9 9 10 14 12 23 20 13 21 15 14 16 17 16 18 18 27 20 22 19 21 25
0 0 0 0 0 0 0 0 0 0 0 3 -2 -2 -2 -2 -2 -2 4 15 17 22 22 22 14 17 24 13 13 13 9 12 13 12 11 13 14 14 13 13 9 13 13 14 13 13 12 14 15 12 13 12 12 11 12 11 10 12 11 9 8 8 11 14 10 10 8 11 9 11 11 8 8 9 10 10 11 12 20 19 13 11 19 13 15 16 16 18 18 22 22 35 26 29 27 27
0 0 0 0 0 0 0 0 0 0 0 0 -2 1 0 0 0 -1 0 1 6 5 14 17 24 23 26 15 13 13 12 15 12 10 9 12 13 16 19 15 12 13 16 13 13 13 11 10 12 10 12 13 13 10 12 10 11 10 10 11 10 10 14 10 13 10 9 10 10 11 11 12 9 8 10 10 14 17 13 24 18 14 15 14 17 20 19 20 25 25 23 24 25 25 29 28
0 0 0 1 0 0 0 0 0 5 3 2 1 -1 0 -1 2 -1 0 3 12 12 17 14 18 22 18 17 24 14 15 13 11 13 24 25 27 23 22 10 13 13 13 14 16 15 15 13 13 13 10 10 11 14 11 11 12 13 14 11 10 10 16 11 9 13 14 15 11 12 11 14 15 11 12 13 13 15 14 16 18 23 17 19 19 17 21 26 19 22 22 26 28 26 28 27
0 1 0 0 1 2 0 0 2 0 0 0 1 1 2 0 0 0 0 0 16 23 22 16 18 19 19 20 26 14 15 15 14 12 20 21 16 15 16 15 14 12 15 14 13 12 12 13 12 12 14 13 13 14 13 12 11 12 13 12 12 11 11 13 11 11 13 11 12 13 12 13 13 15 14 11 13 12 13 15 14 16 16 15 16 17 22 24 18 18 21 24 25 28 27 27
0 0 0 3 2 0 1 0 1 0 1 0 0 0 0 2 0 0 -1 -2 1 24 29 21 29 20 28 25 27 31 26 30 23 19 12 18 22 24 15 14 14 15 14 12 11 11 13 13 12 19 18 13 15 15 13 13 12 14 13 12 12 12 14 13 11 13 14 15 15 14 14 14 15 16 16 12 14 15 15 20 15 19 19 15 17 18 20 20 19 21 19 22 24 25 26 33
1 0 1 1 1 0 0 1 0 1 0 0 1 1 1 1 1 -1 -1 0 4 14 15 29 23 19 17 27 29 16 19 20 17 18 27 15 21 29 22 16 16 15 16 15 15 19 15 14 12 22 20 23 21 15 13 15 14 12 12 13 13 13 15 12 14 12 15 16 16 16 14 15 15 14 17 13 12 13 18 23 23 21 21 17 17 16 18 17 21 21 20 22 22 24 25 25
1 2 0 2 0 0 0 -2 1 2 -1 -1 5 1 -1 0 -1 0 -1 0 -1 20 20 22 29 27 27 33 24 30 31 31 21 18 19 17 25 29 16 15 16 14 16 16 20 22 16 14 16 21 24 18 16 15 16 15 13 13 12 15 16 14 15 15 16 15 18 18 17 16 17 15 16 18 20 14 16 15 18 20 23 22 18 20 24 26 22 19 22 22 22 21 22 25 28 25
0 0 0 0 0 0 0 0 0 0 0 4 1 2 0 -1 0 0 -1 -3 3 13 11 12 17 21 31 22 20 19 22 24 23 26 22 19 24 20 20 19 18 15 17 20 18 16 18 18 17 17 20 18 17 15 17 17 17 12 14 15 14 15 16 16 18 15 19 20 18 20 20 16 18 21 17 14 16 14 19 19 21 24 23 21 21 22 22 24 22 22 23 19 28 24 28 30
0 0 0 0 0 0 0 0 0 0 0 0 0 1 1 1 0 -2 0 -3 -1 0 8 12 10 16 10 22 19 21 25 23 30 29 24 21 24 22 16 20 18 18 17 20 18 19 18 23 20 24 22 17 17 14 18 16 18 13 14 16 17 16 16 18 19 18 16 18 21 19 23 21 20 19 19 19 16 16 16 18 16 17 21 19 18 24 29 31 31 25 25 24 27 24 25 31
0 0 0 0 0 0 0 0 0 0 0 0 4 5 0 2 1 1 0 1 1 0 1 12 18 14 12 22 22 25 22 24 22 28 36 27 27 24 21 22 20 16 19 21 20 25 30 27 26 19 17 15 16 15 17 19 25 19 19 22 19 17 17 19 19 19 20 20 21 23 26 30 20 21 20 21 18 18 17 18 20 19 20 19 20 22 26 35 20 24 25 31 32 25 25 28
0 0 1 3 2 3 4 3 0 0 0 0 7 4 5 9 5 8 6 2 3 0 6 15 15 13 12 18 10 12 14 15 24 25 22 33 32 27 26 26 29 32 27 21 21 26 23 21 18 17 19 27 20 18 18 18 23 17 16 18 22 18 21 20 21 21 22 23 22 23 24 32 23 21 19 19 21 20 19 21 28 27 26 29 24 23 23 23 22 22 24 24 31 26 25 30
0 0 2 2 1 3 3 5 1 0 0 0 0 6 13 8 0 0 8 5 3 1 7 13 16 14 18 11 20 15 13 21 16 22 29 26 25 25 29 30 30 26 22 25 25 19 18 20 22 24 23 19 20 20 19 22 18 19 19 21 21 20 19 21 22 23 22 23 24 25 26 25 26 23 19 20 22 23 23 20 22 23 26 28 25 26 24 23 24 30 25 26 25 26 30 32
-1 0 0 0 3 3 3 2 2 2 0 0 0 0 9 10 6 7 0 2 4 5 5 5 8 11 12 14 15 15 11 13 11 20 24 25 23 24 26 27 27 30 23 32 31 26 22 25 27 27 24 22 21 24 19 18 21 20 22 23 24 22 23 20 23 26 25 25 26 25 25 25 24 25 22 23 23 24 23 26 23 28 30 33 26 25 27 28 31 31 26 28 28 29 31 33
2 2 0 3 1 2 1 3 2 3 1 3 0 0 0 -2 7 5 0 4 2 4 1 3 1 0 1 1 2 6 9 8 11 14 15 22 21 24 23 25 22 19 26 28 28 29 33 28 28 27 21 24 21 21 20 21 23 20 21 23 25 26 24 24 26 24 25 27 26 23 26 25 24 25 24 25 24 27 30 30 36 24 25 26 25 27 27 29 28 29 30 30 27 30 39 34
1 2 2 3 2 2 1 1 2 2 1 3 1 0 0 0 8 9 12 0 3 3 2 4 2 3 3 4 4 10 4 7 10 22 19 21 24 14 19 22 23 21 21 20 27 31 27 29 25 24 25 23 22 21 22 21 23 20 23 25 24 27 26 22 25 25 26 27 28 28 28 25 25 25 26 24 25 31 29 26 23 26 28 31 29 28 28 31 29 34 29 30 34 27 28 27
2 3 2 1 2 2 1 1 2 0 0 -1 -1 3 0 0 0 5 3 0 6 5 7 0 4 0 2 2 3 4 2 3 10 11 18 14 12 20 19 19 19 20 20 19 19 19 21 25 22 21 29 25 26 35 28 31 33 24 24 26 25 31 26 25 26 28 24 26 25 23 26 28 24 24 24 27 29 30 33 30 29 29 28 28 29 28 29 27 23 30 37 31 31 29 28 29
2 1 0 2 1 1 0 0 0 1 1 -1 -1 -2 1 0 0 1 7 8 0 6 5 6 12 1 -1 1 0 2 1 4 11 9 9 12 16 12 20 18 16 22 16 15 21 18 24 28 20 20 27 25 26 28 35 30 31 33 26 27 26 28 26 27 28 26 27 27 26 25 24 22 23 23 23 25 30 35 29 24 25 25 27 26 26 27 23 24 26 29 28 26 26 27 26 25
0 1 0 1 1 2 0 0 -2 0 1 -1 -1 0 2 0 0 3 7 5 5 0 7 7 11 3 -2 -2 1 1 2 3 7 6 8 11 12 7 9 19 17 14 14 15 19 18 20 25 28 22 22 23 32 30 35 29 27 27 28 27 27 26 24 25 24 34 37 27 23 25 26 24 23 26 21 21 26 24 25 28 23 20 22 20 22 24 25 27 32 24 24 22 26 21 23 22
1 1 1 1 1 1 1 0 0 2 1 -1 -2 0 4 2 0 0 3 3 5 0 1 7 9 -3 0 -2 -1 -2 2 1 4 4 6 9 6 7 9 10 9 11 15 12 13 21 24 15 16 16 19 20 22 28 32 24 25 31 30 30 28 27 26 25 23 25 23 23 23 23 22 22 21 21 20 18 21 22 22 26 24 30 18 23 25 26 32 23 20 21 22 25 23 21 18 20
1 1 5 2 1 2 0 0 0 0 0 1 -1 2 4 4 10 0 0 0 0 7 0 6 5 5 1 0 2 0 0 0 1 1 1 4 7 12 9 11 10 10 11 11 11 15 20 13 15 20 16 18 18 25 31 20 33 28 31 26 36 23 24 22 22 20 21 20 19 23 23 21 20 19 22 19 22 22 20 25 22 31 19 24 24 22 26 23 17 21 26 19 20 18 18 18
1 1 2 1 2 1 -1 -1 2 1 0 -1 0 3 3 5 4 1 7 5 0 0 6 0 3 6 11 8 3 0 -1 -1 2 2 4 6 6 11 9 14 11 8 18 12 11 17 21 15 17 13 13 15 18 15 22 21 29 24 23 28 21 22 32 24 18 16 19 20 18 21 29 28 25 24 30 18 19 20 18 19 26 21 19 29 23 19 19 29 23 24 26 19 19 24 18 20
2 2 -1 0 -1 1 1 0 1 -1 1 4 3 0 1 3 -1 6 6 7 0 0 2 0 0 4 4 3 6 3 2 2 3 4 3 2 3 4 11 11 9 16 12 13 17 11 15 12 14 9 16 21 17 16 21 13 22 21 20 22 20 24 21 15 16 14 15 18 19 25 26 18 26 29 28 21 18 24 26 17 24 27 27 20 19 24 17 18 18 18 15 15 25 17 15 25
-2 0 -1 0 0 1 -1 -1 -1 2 3 1 -1 -1 3 5 6 4 5 0 0 5 0 0 5 5 0 5 11 10 5 6 5 -1 1 2 9 4 8 16 11 17 10 10 10 12 15 13 13 9 16 11 13 18 16 21 17 13 13 17 19 23 21 23 14 21 23 20 17 17 17 18 20 18 17 30 15 20 21 20 20 21 16 21 21 16 18 19 17 15 15 26 22 18 24 21
2 0 3 1 1 1 0 -1 2 1 6 -1 4 -1 4 4 9 0 0 0 5 5 0 1 0 0 0 6 6 3 3 5 7 8 8 3 1 4 6 7 14 11 17 11 10 15 13 11 8 11 16 15 11 14 8 12 12 14 13 13 13 15 19 17 22 19 21 22 15 15 13 16 15 27 23 12 15 18 23 18 16 18 17 16 18 15 16 17 17 15 18 25 24 24 20 16
2 1 1 1 0 2 1 1 1 5 -1 5 4 1 1 -1 4 3 3 0 0 0 0 4 7 4 2 0 3 4 7 5 4 10 2 3 4 5 8 8 6 8 9 9 11 10 14 10 10 14 14 13 9 11 8 10 13 13 14 13 13 13 14 17 13 20 18 22 10 13 15 12 26 19 21 14 26 18 14 15 17 15 15 18 16 14 21 21 15 16 16 21 24 20 12 19
3 1 1 -1 -1 -1 -2 1 6 3 2 4 6 1 -1 -1 -1 1 -1 5 4 9 5 0 0 6 5 5 4 6 2 0 4 9 4 2 5 5 7 4 9 5 7 8 14 13 11 13 15 17 15 9 11 10 9 14 11 14 11 10 13 9 16 12 20 16 12 11 12 12 21 25 21 15 14 14 16 10 16 13 15 17 18 17 16 18 17 14 13 13 17 18 15 22 28 26
0 0 1 1 0 -1 -1 -1 -2 -1 -1 0 -1 -1 -1 0 -2 -2 -1 2 1 5 4 6 5 0 0 0 0 0 0 4 7 3 2 -1 6 3 4 5 3 5 9 4 6 12 18 10 13 9 13 10 10 9 14 17 18 15 12 13 15 15 19 9 16 11 10 12 13 11 14 15 10 10 17 11 13 13 15 15 21 17 16 14 10 14 12 11 10 13 12 14 13 19 20 25
2 7 2 2 1 2 0 0 4 2 2 3 2 2 4 4 4 0 1 2 0 1 1 1 1 2 6 5 18 8 0 4 8 6 5 3 4 3 13 4 5 17 4 7 8 9 5 6 11 13 10 11 9 9 10 4 8 16 17 17 10 13 8 7 9 8 12 8 12 8 16 16 14 13 12 12 11 11 13 13 18 15 12 13 13 9 9 10 11 13 14 15 17 18 20 35
6 3 4 6 5 5 5 3 2 5 5 6 10 8 7 5 8 7 8 7 4 8 5 2 4 4 2 3 5 4 11 13 12 9 7 4 4 6 9 6 8 8 6 8 10 4 3 4 5 7 6 4 8 7 14 12 10 9 10 13 9 13 8 8 12 8 8 11 8 9 20 16 21 14 23 11 13 10 13 10 14 24 22 11 19 19 11 16 17 25 25 32 22 27 31 16
4 3 3 2 2 3 6 3 3 3 7 7 10 13 12 8 6 6 7 7 6 6 7 5 7 4 2 -4 0 7 10 8 9 7 9 7 3 4 4 8 7 6 9 4 5 6 4 7 5 7 7 4 7 8 10 7 11 14 9 11 12 9 7 14 14 7 8 12 10 10 9 11 13 17 13 14 15 23 20 11 15 11 9 13 9 11 12 21 26 27 37 26 16 14 16 11
7 4 5 7 7 6 3 4 5 9 8 10 9 11 12 10 9 9 10 9 9 9 7 9 6 1 0 4 5 4 7 9 13 11 11 4 8 7 8 10 5 7 8 7 7 9 9 6 6 8 16 8 8 11 8 11 4 7 15 7 7 9 9 13 5 5 6 9 9 13 19 15 23 19 13 14 11 10 9 10 8 11 10 14 25 30 33 26 14 21 20 17 18 11 10 11
7 6 7 9 12 9 10 6 10 11 11 10 12 14 12 14 11 11 9 8 7 9 4 0 2 1 2 4 3 4 3 14 14 11 10 8 9 8 13 7 9 10 11 9 8 9 10 11 9 14 11 7 8 17 12 10 7 8 9 6 10 7 9 6 6 15 18 15 14 15 14 15 8 8 8 8 8 7 12 18 23 16 25 35 37 22 21 17 14 10 10 10 13 11 16 12
7 9 9 10 14 12 14 19 19 12 13 15 14 14 15 13 13 12 11 9 5 7 0 4 3 1 3 5 7 14 8 15 9 14 13 12 11 9 6 7 10 9 7 20 8 6 8 8 11 10 13 10 10 9 9 8 7 5 6 6 7 6 4 3 4 11 11 8 10 5 5 8 8 5 8 8 8 20 26 16 19 14 11 14 14 12 14 12 16 18 15 16 19 14 14 14
14 14 13 14 16 17 22 30 19 15 17 16 15 15 14 11 15 11 8 7 5 -1 0 0 6 9 8 8 11 13 15 17 23 17 15 14 19 13 13 11 8 8 9 11 9 10 10 10 11 10 11 11 10 11 9 9 9 5 1 2 2 2 2 1 2 2 3 3 6 11 12 9 6 10 14 15 19 19 17 9 17 12 14 15 13 13 24 18 16 16 18 15 15 14 19 16
17 17 18 17 19 18 29 28 19 16 17 14 11 11 12 14 14 8 7 6 6 -1 1 7 13 17 14 12 14 16 17 16 10 14 14 15 19 16 18 15 14 14 13 13 14 11 9 9 9 7 8 6 9 8 7 11 6 4 3 4 3 4 3 4 4 4 9 7 14 15 15 12 13 16 14 9 11 11 11 18 14 12 13 16 19 16 16 23 16 16 19 18 18 17 16 19
19 22 21 21 21 20 16 18 17 12 12 14 10 8 5 4 7 8 8 5 -2 -1 0 15 16 19 17 22 18 19 13 15 12 10 13 13 14 18 19 17 20 18 18 18 14 13 11 9 8 8 7 4 5 6 10 8 5 4 10 4 11 7 7 6 6 8 11 7 6 11 8 6 9 12 16 8 11 11 13 9 11 13 14 22 13 15 27 20 20 21 24 21 22 22 20 19
21 22 22 28 27 20 17 20 19 19 17 18 14 13 11 12 9 7 6 0 0 1 0 7 20 26 15 11 10 11 11 7 10 13 17 12 18 23 25 21 18 17 16 11 12 12 10 10 7 9 6 5 8 4 3 5 3 7 6 6 11 7 6 6 7 9 8 6 6 15 7 10 6 6 7 9 10 9 11 13 13 10 12 15 17 21 19 20 22 33 25 24 23 22 21 23
23 30 27 26 25 23 24 23 20 21 20 21 19 18 16 19 18 9 8 2 -2 -2 2 18 16 19 9 3 9 7 9 10 11 14 17 9 11 14 18 18 11 10 15 7 7 10 7 10 6 7 6 6 3 11 7 7 6 5 4 4 5 6 3 7 6 6 7 17 6 10 8 7 6 9 14 13 22 12 11 10 9 16 17 18 20 22 24 32 31 25 23 22 21 21 22 19
28 27 25 25 25 24 23 19 12 25 23 20 24 23 22 16 12 9 6 1 -3 -2 5 13 11 6 7 6 11 11 14 10 11 10 15 18 19 16 16 10 7 8 11 10 5 11 7 7 7 7 8 7 3 12 4 2 5 6 5 7 6 6 4 5 8 7 8 9 10 17 13 12 8 10 11 10 10 9 6 10 12 10 15 19 22 23 26 26 29 29 25 22 22 22 22 20
27 24 26 26 22 19 21 16 16 10 15 15 21 28 21 17 8 11 0 1 1 0 3 3 5 7 7 14 14 15 13 17 13 13 15 15 24 21 12 16 15 13 12 8 7 5 3 5 4 6 6 6 6 5 3 7 2 3 4 2 4 2 8 5 2 8 6 18 18 9 13 9 8 14 8 10 12 7 8 8 13 10 15 21 22 20 18 16 18 19 18 20 19 17 17 20
22 27 28 28 27 5 11 4 0 0 7 4 3 0 1 0 1 1 2 0 8 1 4 5 11 15 19 21 18 19 21 19 18 16 17 17 21 16 15 13 14 11 9 7 6 5 5 5 6 2 1 3 3 1 2 4 3 4 7 7 5 5 10 4 6 8 6 7 5 2 8 10 15 7 7 7 7 6 13 9 10 13 18 14 15 15 14 15 15 15 25 20 26 18 15 16
6 6 11 9 3 1 3 0 0 1 4 4 -2 3 6 0 0 -1 1 0 1 6 6 6 6 8 9 19 18 19 23 25 22 20 21 22 18 19 14 12 11 8 7 4 4 4 6 2 3 1 4 4 4 5 3 4 4 6 11 10 9 7 7 5 3 2 8 9 5 7 5 4 15 9 6 9 7 10 10 8 10 9 10 11 10 11 13 15 13 14 14 23 16 18 16 17
3 2 2 10 0 4 0 -1 1 2 1 -1 1 -1 5 6 4 3 6 0 0 0 4 3 -3 6 11 12 13 16 21 23 26 22 20 23 26 23 16 12 9 10 9 5 5 0 4 5 4 4 6 3 3 6 6 5 7 6 9 10 8 8 7 8 5 5 6 13 10 8 5 3 7 7 6 6 9 11 9 9 10 9 9 11 10 11 12 13 13 13 20 16 16 18 15 13
7 4 3 0 1 4 2 2 5 1 8 7 6 3 1 2 0 2 -1 1 1 -1 0 0 1 2 5 12 16 18 18 20 25 26 27 30 27 24 14 9 10 7 5 5 6 5 4 5 3 5 6 5 5 8 16 7 14 10 8 10 12 10 8 8 6 7 5 9 16 5 7 4 10 11 6 7 8 10 8 9 12 11 12 13 10 11 12 13 12 13 20 16 17 19 16 18
4 2 0 3 2 -1 -1 12 5 7 7 5 0 4 3 2 5 3 0 0 2 -2 0 2 6 -1 9 12 1 17 8 7 7 25 18 13 12 10 7 9 3 2 4 3 4 8 6 9 10 8 8 7 13 13 8 9 9 10 12 13 11 10 11 10 10 7 11 11 16 11 8 7 3 4 10 17 13 9 9 7 10 10 12 12 12 10 12 15 16 13 22 21 16 13 15 18
1 4 0 -1 1 0 5 10 6 5 2 2 3 1 -1 3 2 2 1 1 3 0 0 7 -1 6 3 -1 2 0 6 6 5 4 6 6 5 2 2 5 6 2 5 1 4 5 5 6 10 15 13 11 21 11 13 10 11 8 10 9 12 12 12 14 10 9 10 18 20 22 21 18 14 8 6 11 13 11 9 11 9 12 13 11 12 11 10 10 12 19 16 14 14 23 15 19
0 0 0 1 1 0 3 6 5 2 2 3 3 2 4 4 3 2 3 3 5 1 -1 1 1 0 1 2 3 -4 -2 0 2 3 4 2 1 1 5 4 5 3 4 3 5 6 7 6 9 9 11 14 13 15 14 15 14 14 11 13 14 15 13 14 14 14 16 16 22 23 18 15 11 8 5 6 7 12 13 14 14 15 15 12 13 14 11 19 13 11 15 22 24 20 15 18
3 9 -1 1 -1 4 6 4 2 3 3 3 3 3 4 5 4 3 3 2 3 3 -1 0 2 1 5 3 -1 5 0 1 -1 -2 3 -2 2 2 5 2 2 4 3 2 4 9 6 8 8 9 10 14 22 20 16 17 18 19 19 19 18 20 27 32 31 18 14 15 12 11 10 10 7 9 9 5 7 17 13 8 6 10 10 13 12 20 14 19 14 14 35 41 42 42 29 17
5 0 -1 -1 0 0 4 6 4 4 4 2 3 5 5 5 5 4 3 3 3 2 1 3 1 4 4 4 3 5 4 4 1 0 1 3 4 4 2 3 4 3 6 1 3 4 5 5 8 11 13 10 9 11 11 13 16 19 25 21 16 17 20 21 23 12 12 10 11 11 11 11 11 10 11 12 14 9 11 9 8 8 9 10 9 15 13 23 17 26 47 39 26 37 31 20
0 3 2 3 -2 0 3 7 6 5 4 2 3 6 3 7 7 6 7 4 5 5 4 3 3 5 6 4 5 7 5 3 4 5 5 1 0 5 4 4 4 4 5 4 4 4 5 4 6 6 5 7 7 12 11 10 11 19 23 15 12 9 13 12 11 10 10 13 11 11 12 11 8 9 8 10 10 7 9 9 8 8 10 13 14 11 13 17 42 35 33 17 17 23 18 17
3 5 3 0 9 7 5 3 5 5 5 4 22 7 11 11 5 5 6 6 3 4 5 5 4 6 6 3 3 5 4 5 3 3 5 7 5 6 4 3 5 6 2 2 4 4 4 6 8 9 5 6 6 8 6 7 7 8 11 9 8 9 11 9 8 8 8 8 8 9 11 9 10 11 10 10 10 9 8 11 11 10 11 11 11 13 12 17 13 13 23 21 24 15 20 16
4 2 6 4 7 5 4 3 4 9 8 5 6 16 6 11 6 6 8 8 7 10 4 5 5 8 5 4 5 4 5 5 5 5 0 0 11 4 3 5 6 7 4 1 3 8 5 12 5 10 5 8 7 10 5 8 16 10 8 10 8 6 11 10 7 10 9 8 11 10 11 12 10 11 8 12 10 9 11 9 11 11 13 15 12 15 18 16 16 15 16 17 16 17 16 16
5 4 5 7 8 8 5 4 7 6 11 7 10 10 6 4 8 5 7 8 8 13 7 7 5 8 6 6 7 4 5 5 6 6 7 4 5 3 6 10 12 11 6 0 0 2 7 5 7 7 9 7 13 7 5 6 6 7 6 6 15 10 6 12 11 11 7 8 9 10 11 8 12 13 14 11 11 14 12 11 12 18 19 12 12 14 19 11 19 15 18 16 22 16 19 28
7 12 6 7 12 12 10 10 5 7 11 16 19 16 9 7 8 6 10 9 9 10 13 8 8 10 9 7 7 7 5 6 7 6 5 9 3 7 11 9 9 9 8 8 8 3 4 2 5 3 7 6 10 11 10 12 4 6 12 7 6 7 9 11 11 9 10 8 14 13 12 12 11 11 11 12 14 14 14 11 12 26 12 12 17 20 13 16 23 17 22 30 33 21 15 15
5 6 11 11 15 13 14 17 28 24 10 12 20 13 8 7 9 8 11 12 11 10 9 8 8 10 10 9 9 7 7 7 8 7 7 9 3 6 8 6 10 6 9 9 7 4 2 5 5 3 7 2 4 10 13 15 12 6 9 11 16 17 14 12 10 9 16 11 12 12 18 11 11 12 16 17 14 15 16 17 16 15 15 18 34 20 21 16 19 46 21 15 12 19 13 12
7 10 9 17 18 18 22 43 18 33 15 16 16 13 9 11 9 13 11 11 12 12 11 11 9 12 10 11 5 4 10 8 7 9 6 6 10 4 9 11 7 4 5 2 9 4 8 8 7 3 4 4 4 8 3 11 8 7 9 14 16 17 17 16 17 17 14 17 19 16 15 13 13 14 16 16 20 23 19 15 18 21 13 13 14 35 37 26 12 11 11 12 13 15 13 17
8 7 9 10 16 15 18 20 21 24 20 22 19 16 12 10 12 17 17 11 26 13 15 12 11 9 10 10 11 8 11 9 9 7 10 10 8 9 4 5 3 6 9 5 10 18 9 9 8 9 12 4 5 8 6 3 5 7 5 5 11 8 6 8 10 12 11 10 12 12 13 10 17 12 15 14 21 25 15 15 11 11 13 14 13 36 15 11 17 18 30 17 17 26 24 40
