rasters/Clipped_Flanders_tif/Flandersaltitude_topo.asc
ncols        404
nrows        99
xllcorner    2.541666576550
yllcorner    50.683333290650
cellsize     0.008333333300
NODATA_value -9999
[rows 0 to 64 of 99, columns 288 to 383 of 404]
20 20 20 20 20 20 20 20 20 19 16 15 15 15 15 16 16 16 16 15 15 15 15 15 15 15 15 14 14 14 14 14 14 14 14 14 14 14 14 15 15 15 15 15 16 16 16 16 16 16 17 16 16 16 16 16 16 15 15 15 15 15 15 15 15 15 15 15 15 15 15 15 15 15 15 15 15 15 15 15 15 15 15 15 15 15 15 16 17 18 19 19 20 20 21 22
21 21 21 20 20 20 20 20 20 20 18 17 17 17 17 17 17 17 16 15 15 15 15 15 15 15 15 15 14 14 15 15 15 15 15 15 15 15 15 15 15 15 16 16 17 17 17 17 17 18 18 16 16 16 16 16 16 15 15 15 15 15 15 15 15 15 15 15 15 15 15 15 15 15 15 15 16 16 15 15 15 15 15 15 16 16 17 17 18 19 19 20 20 20 21 22
22 21 21 21 20 20 20 20 20 19 18 20 19 19 18 18 18 18 18 17 16 16 15 15 15 15 15 15 15 15 15 16 16 16 16 16 16 16 16 17 17 18 18 18 19 19 19 19 20 20 20 19 19 18 18 17 17 17 16 16 15 15 15 15 15 15 15 15 15 15 15 15 15 16 16 16 17 17 17 17 16 16 16 17 17 17 18 18 19 20 20 20 20 20 20 21
23 21 21 21 20 20 20 20 20 19 20 20 20 20 20 20 20 20 19 19 18 17 17 15 15 16 16 16 15 16 17 17 17 17 17 18 17 18 18 18 18 19 19 20 20 20 20 20 20 20 20 19 19 19 18 18 18 17 17 17 16 16 16 16 16 15 15 15 15 15 15 15 16 16 16 17 17 17 17 17 17 17 17 17 18 18 18 19 19 20 20 20 20 20 20 21
25 24 23 23 21 21 20 20 20 20 20 22 22 21 20 20 20 21 20 20 20 20 19 18 18 19 18 18 17 18 18 18 18 19 19 19 19 19 19 19 20 20 20 20 20 20 20 20 20 20 20 19 19 19 19 18 18 17 17 17 16 16 16 16 16 15 15 15 15 15 16 16 16 16 17 17 18 18 18 18 18 18 18 18 18 18 19 19 19 20 20 20 20 21 22 23
25 25 24 24 23 23 22 23 23 23 23 23 23 23 22 22 22 22 22 21 21 21 20 20 19 19 19 19 19 19 19 19 19 19 19 20 20 20 20 20 20 20 20 20 20 20 20 20 20 20 20 20 20 20 20 19 18 18 18 17 17 16 16 16 15 15 15 15 15 15 16 16 16 17 17 18 18 18 18 18 18 18 18 18 18 19 19 19 19 20 20 21 21 21 22 23
25 25 25 25 24 24 23 23 23 23 23 23 23 23 23 23 23 23 22 22 21 21 21 20 20 20 20 19 20 20 20 20 20 20 20 20 20 20 20 20 20 21 21 21 21 20 20 20 20 20 20 20 20 20 20 20 19 19 18 18 17 17 17 16 15 15 15 15 16 16 17 17 17 17 18 19 19 19 19 19 19 19 18 18 19 19 19 19 20 20 20 21 21 22 22 23
25 25 25 25 25 25 25 24 25 24 24 23 23 23 24 25 25 25 25 24 23 23 22 21 20 20 20 20 20 20 20 20 20 20 20 21 21 20 20 20 21 21 21 21 21 21 21 21 21 21 20 20 20 20 20 20 20 20 19 19 19 19 19 19 19 17 17 18 18 19 19 19 19 20 20 20 20 20 20 20 20 20 20 20 20 20 20 20 20 20 20 21 21 22 23 24
26 26 26 25 25 25 25 25 25 25 23 23 24 26 27 28 27 26 25 25 25 25 24 23 22 22 21 22 22 22 22 22 22 22 22 22 23 23 21 22 23 23 23 23 23 22 22 22 22 21 21 21 21 20 20 20 20 20 20 19 19 19 19 19 19 18 18 18 19 19 20 19 19 20 20 20 20 20 20 20 20 20 20 20 20 20 20 20 20 20 20 21 21 22 23 24
27 27 27 27 26 27 27 27 28 28 27 26 27 28 28 28 28 28 28 26 26 25 25 25 24 24 23 23 23 23 23 23 23 22 22 23 24 23 23 23 23 24 24 24 24 23 23 22 22 22 22 21 21 20 20 20 20 20 20 20 19 19 19 19 19 19 19 19 20 20 20 20 20 20 20 20 20 20 20 20 20 20 20 20 20 21 21 21 21 20 21 22 23 23 24 25
27 28 28 28 28 28 28 28 28 28 27 27 28 28 28 28 28 29 29 27 27 25 25 25 24 24 24 24 24 24 24 24 24 24 24 24 25 25 25 25 25 25 25 25 25 25 25 24 24 23 23 22 22 21 20 20 20 20 20 20 20 20 20 20 20 19 20 20 20 20 20 20 20 20 20 20 20 20 21 21 22 21 21 21 22 22 23 23 23 22 23 24 24 24 25 25
28 28 28 28 28 28 28 28 28 28 28 28 28 28 28 29 29 30 30 30 29 26 25 25 25 25 25 25 25 25 25 25 24 24 25 25 25 25 25 25 25 25 25 25 25 25 25 25 25 24 23 23 22 21 20 20 20 20 20 20 20 20 20 20 20 20 20 20 20 20 20 20 20 20 20 20 20 20 21 21 22 22 22 22 22 23 23 23 23 23 23 24 24 25 25 25
28 28 31 29 29 28 28 28 28 28 28 28 28 28 28 29 29 29 29 29 28 26 25 25 25 25 26 26 25 25 25 25 25 25 25 25 25 25 25 25 25 25 25 25 25 25 25 25 25 24 24 23 22 21 20 20 20 20 20 20 20 20 20 20 20 20 20 20 20 20 20 20 20 20 20 20 20 20 21 22 22 22 23 23 23 24 24 24 24 24 25 25 25 25 25 25
28 28 29 29 29 28 28 28 28 28 28 28 28 29 30 30 30 30 30 30 30 28 26 25 25 25 26 26 26 26 26 26 25 25 25 25 25 26 25 25 25 25 26 26 26 26 26 26 25 25 25 24 22 21 20 20 20 20 20 20 20 20 20 20 20 20 20 21 21 21 21 21 21 21 20 20 20 20 21 22 23 23 24 24 24 25 25 25 25 25 25 25 25 25 25 25
28 28 31 32 30 28 28 28 28 28 30 28 28 30 31 32 31 31 30 30 30 30 29 27 28 28 28 28 27 27 28 27 26 25 25 25 26 26 26 26 26 26 26 26 26 26 26 26 25 25 25 24 22 20 20 20 20 20 20 20 21 20 20 20 20 20 21 21 22 22 22 22 22 22 20 20 20 20 21 23 24 25 25 25 25 25 25 25 25 25 25 25 25 25 25 25
29 31 33 33 32 31 30 30 30 30 32 30 30 32 32 33 33 32 32 31 30 30 30 29 29 30 30 30 30 30 30 29 28 26 25 26 28 29 27 27 27 27 28 28 28 28 28 27 25 25 25 25 24 23 22 20 20 20 21 21 22 22 22 21 20 22 23 23 24 24 25 24 25 25 24 22 21 21 23 24 25 25 25 25 25 25 25 25 25 25 25 25 25 25 25 25
28 28 30 32 31 29 29 30 30 31 32 31 31 32 33 33 33 33 32 31 30 30 30 29 30 30 30 30 30 30 30 30 30 29 28 29 29 30 29 29 29 29 30 30 30 30 30 30 26 25 25 25 25 24 24 22 21 22 23 24 24 24 24 23 23 24 24 25 25 25 25 25 25 25 24 24 24 23 25 25 25 25 25 25 25 25 25 25 25 25 25 25 25 25 25 25
27 27 28 28 28 28 28 28 28 28 30 28 28 28 30 31 31 33 33 31 30 30 30 30 30 30 30 30 30 30 30 30 30 30 29 30 30 30 30 30 30 30 30 30 30 30 30 29 26 25 25 25 25 25 25 25 23 24 24 24 24 24 24 24 24 24 25 25 25 25 25 25 25 25 25 24 24 24 25 25 25 25 25 25 25 25 25 25 25 25 25 25 25 25 25 25
28 28 28 27 27 27 28 28 28 28 28 28 28 28 29 30 31 32 32 31 30 30 30 30 30 30 30 30 30 30 30 30 30 30 30 30 30 30 30 31 30 30 30 30 30 30 30 29 28 27 27 27 26 26 25 25 25 25 25 25 25 25 25 25 24 25 25 25 25 25 25 25 25 25 25 25 25 25 25 25 25 25 25 26 26 26 26 26 26 26 26 26 26 26 25 25
28 28 28 27 23 24 26 26 26 27 27 27 26 27 28 28 28 29 29 28 28 28 30 30 30 30 30 30 30 31 31 30 30 30 30 30 30 30 31 31 31 31 30 30 30 30 30 30 30 29 28 28 29 28 25 25 25 25 25 25 25 25 25 25 25 25 25 25 25 25 25 25 25 25 25 25 25 25 25 25 25 25 26 26 26 26 26 26 27 27 27 27 27 27 27 26
27 27 28 25 23 23 23 23 23 24 24 24 24 25 26 26 27 27 27 28 28 28 30 30 30 30 30 30 30 32 31 31 30 30 31 32 31 31 31 32 31 31 30 30 30 30 30 30 30 30 30 30 30 30 27 25 25 25 25 25 25 25 25 25 25 25 25 25 26 25 25 25 25 25 25 25 25 25 25 25 25 25 26 26 26 26 26 27 27 27 27 27 27 28 28 27
24 24 24 23 23 23 23 23 23 23 23 23 23 23 24 24 25 26 26 27 27 28 29 30 30 30 31 31 32 33 33 33 32 32 32 34 34 33 33 33 33 32 31 31 30 30 30 30 30 30 30 30 30 28 25 25 26 26 25 25 25 25 25 25 25 25 26 26 26 25 25 25 25 25 25 25 26 26 26 26 26 26 27 28 28 27 27 27 28 28 28 28 28 28 28 28
22 23 23 23 23 23 23 23 23 23 23 23 23 23 23 23 24 25 26 27 27 28 28 29 29 30 31 32 34 35 35 35 35 35 35 35 35 35 35 35 35 35 34 33 32 32 31 31 30 30 30 30 30 29 28 28 28 29 28 27 26 28 27 26 27 27 28 28 28 27 26 26 27 26 26 27 28 28 27 27 27 28 29 29 29 29 29 29 29 29 29 29 29 29 29 29
21 22 22 22 22 22 22 22 23 23 23 23 23 23 23 23 23 24 24 25 26 26 27 28 29 30 32 33 33 34 35 37 36 36 35 35 35 35 36 36 35 35 35 34 33 32 32 31 30 30 30 30 30 30 29 29 30 30 29 29 28 29 28 28 28 28 29 29 29 29 28 28 28 27 27 28 28 28 28 28 28 28 29 30 29 29 29 29 29 29 29 29 29 29 29 29
19 19 19 20 20 21 21 21 22 23 22 22 22 23 23 23 23 23 23 24 25 26 27 28 28 29 31 33 34 36 37 38 38 38 38 37 37 37 37 37 37 36 36 35 34 34 33 33 31 31 31 31 31 30 30 30 30 30 30 29 29 29 29 29 29 29 29 29 29 29 29 29 29 28 28 29 29 29 29 29 29 30 30 30 30 30 30 30 30 30 30 30 30 30 30 30
18 18 18 19 20 20 20 20 20 22 22 21 22 22 22 23 23 23 23 23 24 25 26 27 28 29 31 33 34 36 38 38 38 39 38 38 38 38 39 39 38 37 36 36 35 35 34 34 33 33 32 32 32 32 32 31 31 30 30 30 30 30 30 29 29 29 30 30 30 30 30 29 29 29 29 29 29 29 30 30 30 30 30 30 30 30 30 30 30 30 30 30 30 30 30 30
18 18 18 18 18 18 18 19 19 21 21 21 21 22 22 22 23 23 23 23 23 24 25 27 28 28 30 32 34 35 37 38 38 40 39 39 40 40 40 40 40 40 38 37 36 35 34 34 34 34 33 33 33 33 32 32 31 30 30 30 30 30 30 30 30 30 31 31 31 30 30 30 30 29 30 30 30 30 30 30 30 31 31 30 30 30 30 30 30 30 30 30 30 30 30 30
18 18 18 18 18 18 18 18 18 19 20 20 20 21 22 22 22 22 22 23 23 23 25 27 28 28 30 32 34 36 38 38 38 42 40 40 40 40 40 40 40 40 39 38 37 35 35 35 35 35 35 35 35 35 35 34 33 33 31 31 32 31 32 31 31 31 31 31 31 31 31 30 30 30 30 30 30 30 30 31 32 33 31 31 30 31 31 30 30 30 30 30 30 30 30 30
18 18 18 18 18 18 18 18 18 18 19 19 20 21 22 22 23 23 23 23 23 23 24 26 27 28 30 32 33 36 38 38 38 41 40 40 40 40 40 41 40 40 40 40 39 38 37 37 37 37 36 35 35 36 35 35 33 33 33 33 33 33 33 32 31 31 31 33 33 32 32 31 30 31 31 32 32 32 33 34 35 35 34 34 33 33 32 32 32 32 31 31 31 31 31 31
17 17 18 18 18 18 18 18 18 18 19 19 20 22 22 23 23 23 23 23 23 23 23 26 27 27 28 31 33 35 37 38 39 41 41 42 43 43 43 43 43 42 42 41 40 40 38 38 39 38 38 38 38 38 37 36 34 34 34 34 34 34 33 33 32 32 33 33 33 33 33 33 33 33 33 33 33 34 34 35 35 35 35 34 34 33 33 32 32 32 32 32 31 31 31 31
17 17 18 18 18 18 18 18 18 18 18 18 19 21 21 22 22 22 23 23 23 24 25 28 28 28 28 31 33 34 37 38 39 41 43 43 43 43 43 43 43 43 43 43 42 42 41 41 42 41 40 39 39 38 37 37 36 35 35 36 36 35 35 34 33 33 34 34 34 33 34 34 34 34 34 34 34 34 34 35 35 35 35 35 34 34 34 32 32 32 32 31 31 30 30 30
17 18 18 18 18 18 18 18 18 18 18 18 18 19 20 21 22 23 23 23 24 24 25 27 28 28 29 31 32 33 36 38 39 42 43 43 43 43 43 44 44 44 43 44 43 43 42 43 43 43 42 41 40 39 38 37 37 37 37 38 38 37 37 36 36 35 36 36 36 35 35 35 35 34 34 34 35 35 35 35 35 35 35 35 35 35 34 33 34 34 32 31 30 30 30 30
18 19 21 19 18 18 18 18 18 18 18 18 18 20 21 22 22 23 23 23 23 23 25 27 27 28 28 30 32 32 35 38 40 42 43 43 43 44 44 46 46 45 45 45 44 44 44 44 43 43 42 41 41 41 39 38 38 37 38 38 38 38 38 37 37 37 38 37 37 36 36 36 35 35 35 35 35 35 35 35 35 35 35 35 35 35 35 33 34 34 32 31 30 30 30 30
23 18 16 17 18 18 18 18 18 18 19 20 20 22 23 23 23 23 23 23 23 23 24 26 27 28 28 31 32 33 36 38 39 41 42 43 44 46 47 48 48 48 47 48 47 46 45 45 44 43 43 43 43 43 43 41 38 38 38 39 39 38 38 38 38 38 38 38 38 37 37 36 36 35 35 35 35 35 35 35 35 35 35 35 35 35 35 33 34 33 32 31 31 30 30 30
13 13 13 13 15 16 17 18 18 19 20 20 21 22 23 23 23 23 23 23 23 23 24 26 27 28 29 31 33 33 35 37 37 38 40 43 44 46 47 48 48 48 48 48 47 47 47 47 47 46 46 45 43 43 43 42 41 41 40 41 41 40 40 39 39 38 39 39 39 38 38 37 37 36 35 35 35 35 35 35 35 35 35 35 35 35 35 34 33 33 32 31 31 30 30 30
13 13 13 13 16 16 17 18 18 19 20 21 22 22 23 23 23 23 23 23 23 24 26 27 27 28 28 31 32 32 33 36 37 38 40 43 44 46 47 48 48 48 48 48 48 48 49 49 48 48 48 47 44 43 43 43 43 43 42 43 43 43 42 42 42 41 42 42 42 40 38 38 37 37 36 36 36 36 35 35 34 34 34 34 34 34 34 32 32 32 31 31 31 30 30 30
13 13 14 15 16 17 17 18 18 20 21 22 23 23 23 23 23 23 23 24 26 27 28 28 28 28 28 32 32 32 33 36 37 38 41 43 46 48 48 48 48 48 48 48 49 50 52 53 51 48 47 47 44 43 44 44 44 43 43 43 43 43 43 43 43 42 43 43 42 41 40 38 38 38 38 37 36 36 35 34 33 33 33 33 33 33 33 31 32 32 31 31 31 30 30 30
13 14 15 16 17 17 18 19 21 22 23 23 23 23 23 23 23 24 24 26 27 27 27 28 28 28 32 33 35 38 38 37 38 39 40 43 44 44 46 48 48 48 48 49 51 52 53 53 51 48 48 48 48 47 48 48 48 46 43 44 45 44 44 44 43 43 43 45 43 43 42 41 39 38 38 37 37 36 36 35 34 33 33 33 33 33 33 32 32 32 31 31 31 30 30 30
14 16 16 17 18 18 19 20 22 23 23 23 23 23 23 23 23 23 23 23 26 26 27 27 28 28 28 29 32 32 32 33 35 37 38 40 41 42 43 45 46 47 48 48 50 52 53 53 52 51 51 50 51 49 49 49 48 48 47 47 48 48 47 47 47 47 47 48 46 44 43 42 41 40 39 38 38 37 36 36 35 34 33 33 33 33 33 32 32 32 32 31 31 31 30 30
17 18 18 18 18 19 20 20 23 23 23 23 23 23 23 23 23 23 23 23 23 26 26 27 28 28 30 31 32 33 33 34 35 38 38 39 39 39 42 43 45 48 49 50 52 53 53 53 53 53 53 53 53 53 53 52 50 48 48 48 49 49 48 48 48 48 48 48 48 47 45 43 43 42 41 39 38 38 37 37 35 34 33 33 33 33 33 32 32 32 32 32 31 31 31 31
18 18 18 18 18 19 19 19 22 21 22 22 22 23 23 23 23 23 23 24 26 28 28 28 28 31 33 33 33 33 33 33 33 34 37 37 38 39 41 43 46 50 53 53 53 53 53 53 53 54 54 55 55 54 54 53 53 51 48 50 51 53 52 51 51 49 48 49 49 48 48 46 46 44 43 42 40 38 38 37 36 35 34 34 33 33 33 32 33 33 32 32 32 32 32 31
18 18 18 18 18 18 18 18 18 18 20 21 22 23 23 23 23 23 24 24 26 27 28 28 29 30 31 33 33 33 33 33 33 34 36 37 38 39 41 42 44 48 52 52 50 50 53 53 54 57 58 58 58 58 58 57 54 53 53 53 56 56 54 53 53 52 52 52 52 51 50 48 48 46 43 43 42 41 39 38 37 36 35 34 33 33 33 32 32 32 31 31 31 31 30 30
18 18 18 18 18 18 18 18 18 18 20 21 22 22 23 23 23 23 24 24 27 27 28 28 28 28 29 31 32 32 33 34 35 37 38 38 40 41 43 43 45 47 47 48 50 51 52 53 56 58 58 58 58 58 58 57 53 53 57 57 58 58 58 58 57 55 55 55 53 53 52 49 48 47 45 44 43 42 40 38 37 36 35 34 33 33 33 32 32 32 32 31 31 31 30 30
18 18 18 18 18 18 18 18 18 18 19 21 21 22 22 22 23 23 23 23 26 27 27 27 27 28 28 29 31 32 32 34 35 37 38 39 41 42 43 45 47 50 52 53 55 55 55 55 57 58 58 58 58 58 58 58 56 56 58 58 58 58 59 58 58 58 58 58 56 53 51 49 49 49 48 47 48 43 41 39 38 38 37 36 35 34 33 33 33 32 32 32 31 31 31 31
18 18 18 18 18 18 18 18 19 20 22 22 22 23 23 23 23 23 23 24 25 26 27 28 28 31 31 32 32 32 33 35 36 37 38 40 42 44 47 49 50 52 53 55 58 58 58 58 58 58 58 58 58 58 58 59 60 58 58 59 60 60 61 59 58 60 59 58 54 58 58 58 58 56 56 54 51 48 44 42 40 39 38 37 37 36 34 34 33 33 32 32 32 32 31 31
17 17 17 17 17 18 18 18 19 21 22 22 23 24 25 28 27 27 28 26 27 28 28 28 29 33 33 33 33 34 36 38 39 39 40 42 43 46 49 53 53 55 56 57 58 58 59 59 59 58 59 59 58 58 60 63 63 61 59 60 62 63 63 63 62 63 63 58 56 60 62 60 58 63 63 63 60 58 54 47 44 42 41 40 38 37 36 35 33 33 32 32 32 32 31 31
15 16 16 16 17 17 18 18 18 18 21 22 27 24 23 23 23 23 23 23 24 25 26 27 28 32 33 33 35 38 39 41 42 43 43 43 44 47 48 52 54 58 58 58 59 61 62 62 63 62 63 63 63 62 63 63 63 63 63 63 63 63 63 63 63 63 59 59 62 63 63 63 63 64 63 63 63 63 60 58 58 54 43 42 40 38 37 35 34 33 33 33 33 32 32 32
14 15 15 15 17 17 18 18 21 22 27 28 23 22 22 22 22 22 23 23 24 26 26 27 28 33 34 36 38 39 42 43 43 42 43 43 44 48 49 53 53 55 58 58 63 63 63 63 63 63 63 63 63 63 64 64 65 65 65 64 63 64 64 63 63 63 61 63 64 65 65 66 67 68 66 64 63 60 58 58 58 51 54 45 43 43 41 38 35 33 33 33 33 32 32 32
13 13 13 13 15 17 19 26 22 19 18 18 18 19 20 20 21 21 22 22 23 25 27 28 32 34 36 38 38 38 38 39 39 38 38 41 42 44 47 47 49 53 58 59 62 63 63 63 63 63 63 65 65 66 66 67 68 68 68 68 67 67 68 68 68 66 63 63 67 68 68 68 68 67 64 65 64 63 63 63 59 68 68 66 55 48 48 46 40 36 33 33 32 32 31 31
13 13 13 13 15 15 17 16 16 17 17 18 18 19 20 20 20 21 22 22 23 25 27 28 31 33 33 33 33 33 35 37 37 37 38 40 42 43 46 49 53 55 58 58 57 56 58 59 61 63 63 65 67 67 68 68 68 68 68 68 68 68 68 68 68 68 68 63 68 68 69 68 68 68 71 69 68 64 64 66 64 69 69 69 68 59 51 48 41 37 35 33 33 33 33 33
13 13 13 14 15 15 15 15 15 15 17 18 18 19 20 20 20 20 22 23 26 28 27 27 28 29 30 30 30 32 33 37 38 38 38 40 43 43 46 48 47 48 48 52 57 59 61 63 64 65 66 68 68 69 69 70 70 71 70 69 70 71 71 70 70 69 68 68 69 71 72 72 72 73 73 71 68 68 68 68 70 73 73 73 71 64 55 47 42 37 36 35 33 33 33 33
13 13 13 14 15 15 15 16 17 17 18 18 18 19 20 20 20 20 21 23 24 23 24 25 26 28 28 30 30 31 32 33 33 34 37 41 43 43 43 43 43 45 48 53 59 63 63 64 66 68 68 69 71 71 71 71 71 72 72 72 72 73 73 73 73 73 72 73 70 73 73 73 73 73 73 73 73 73 73 73 73 75 73 66 55 51 48 48 51 46 36 34 33 32 32 31
15 16 16 17 17 16 16 15 16 18 18 19 20 20 20 20 21 21 22 23 23 23 23 25 26 27 26 27 28 31 33 33 33 34 37 38 38 38 39 42 43 46 49 58 60 58 62 63 66 68 68 68 68 71 71 71 72 73 73 73 73 73 73 73 73 73 73 73 73 73 73 74 75 73 76 77 75 73 73 71 72 70 62 57 49 52 69 68 42 37 36 34 33 33 33 33
14 15 15 15 15 16 17 17 18 18 19 20 23 26 31 37 32 27 24 23 22 23 23 23 23 24 25 25 28 30 32 33 32 32 33 33 34 36 38 41 43 45 48 50 52 55 58 63 66 66 63 67 68 70 71 71 73 73 75 75 75 75 77 78 78 78 78 73 73 74 75 78 79 78 79 80 80 78 73 68 68 68 58 58 68 75 75 57 42 39 37 35 34 33 33 33
15 15 15 16 17 18 18 20 20 21 23 24 28 32 35 38 32 25 23 22 20 21 22 23 23 24 25 27 30 30 30 30 30 30 36 35 34 35 38 40 42 43 44 46 50 59 65 65 59 58 68 68 68 68 71 72 73 74 75 75 77 78 78 78 78 78 78 77 78 79 79 80 80 80 79 80 80 79 72 63 63 58 63 70 73 78 80 78 71 46 38 35 35 34 33 33
16 17 17 18 18 22 20 20 21 22 23 24 33 33 33 31 25 23 22 21 20 20 22 23 26 31 30 30 31 28 28 29 30 30 30 31 33 35 35 38 39 41 42 42 46 56 64 57 52 53 56 58 62 64 67 71 73 73 75 75 78 78 78 78 78 78 78 78 79 80 81 82 80 79 76 75 78 72 65 63 58 77 79 85 84 84 84 81 59 43 39 37 36 34 33 33
17 18 21 23 27 23 20 23 29 30 36 30 26 28 32 30 26 32 33 21 20 20 22 25 32 36 33 33 33 28 27 28 28 28 30 32 34 35 36 38 38 38 38 38 41 43 45 46 48 53 65 68 70 70 72 73 73 74 75 75 77 78 78 78 78 78 78 79 80 80 81 81 80 80 80 80 78 65 63 64 67 78 79 85 85 85 85 82 59 43 39 38 37 35 33 33
17 24 24 22 21 19 20 20 22 21 21 21 21 21 21 20 20 20 20 20 22 28 37 48 46 46 43 39 31 26 26 26 27 28 30 32 35 38 41 37 35 35 37 38 38 41 42 43 47 56 61 62 62 71 73 73 73 72 73 73 76 77 77 78 78 78 79 79 80 81 81 80 80 80 80 78 78 65 67 85 85 85 85 85 85 85 82 75 56 42 39 37 37 35 33 33
15 15 15 15 16 18 18 18 20 20 21 20 19 19 20 20 20 21 30 29 33 38 41 42 47 48 26 23 23 25 25 25 27 28 29 32 32 32 33 34 34 35 37 40 40 40 41 43 43 48 48 50 53 59 60 63 68 73 74 76 77 77 77 78 78 78 79 79 81 84 83 80 81 84 81 78 70 65 75 85 85 86 87 88 87 85 78 61 43 42 39 37 36 35 35 33
17 18 15 15 15 16 17 18 20 22 23 18 18 18 20 20 22 33 38 33 33 37 34 37 30 28 23 23 23 24 27 37 40 29 27 28 28 28 31 33 33 34 35 35 35 37 38 40 42 44 47 48 51 53 57 68 73 75 75 75 75 77 78 78 78 78 78 79 81 84 85 80 79 78 78 78 78 81 85 85 85 87 88 89 88 88 71 47 43 43 38 37 37 35 35 35
15 15 15 15 15 16 17 19 22 23 24 28 32 27 23 23 25 28 28 32 36 28 27 25 28 23 23 23 24 26 30 28 27 25 25 27 28 28 31 33 35 33 34 34 35 37 38 40 43 45 47 49 52 55 65 63 58 61 63 65 68 76 78 78 78 78 78 78 78 78 78 78 78 78 78 78 78 81 85 87 88 90 90 90 82 65 48 46 44 46 40 37 36 35 35 35
25 25 30 31 24 20 19 20 44 50 49 40 48 31 24 33 40 35 26 27 31 28 26 25 27 34 35 37 48 50 40 30 30 37 31 30 32 34 33 39 38 36 37 37 37 40 40 42 43 44 46 48 50 53 55 58 64 73 77 75 77 80 80 81 81 85 81 79 75 76 76 77 80 82 86 85 86 87 87 90 93 91 85 80 73 54 49 48 45 43 42 39 37 40 38 36
44 40 41 40 31 35 47 25 22 24 20 19 20 20 20 20 22 24 25 27 25 23 22 25 32 47 52 54 50 30 28 27 27 27 28 30 38 38 33 33 35 36 37 37 37 37 38 39 40 41 43 45 47 49 51 57 60 70 73 74 76 75 76 76 78 77 74 73 80 81 80 82 84 84 85 87 90 90 89 90 93 92 89 87 70 50 48 46 44 42 41 39 38 38 39 35
52 49 55 51 44 41 48 54 52 46 29 22 22 27 23 20 21 23 28 28 26 26 29 25 27 28 28 26 26 26 26 27 27 27 29 30 30 30 34 37 36 35 34 35 37 37 37 38 40 41 42 43 45 47 49 51 55 58 60 62 68 77 75 72 70 70 80 81 82 83 82 85 87 88 88 89 90 95 91 98 96 88 82 81 72 51 48 46 44 42 41 40 39 35 34 34
65 70 69 51 47 49 53 59 51 50 29 27 32 28 27 24 23 31 20 21 25 27 30 34 30 27 25 25 26 26 26 27 27 27 28 29 30 30 32 31 30 30 32 32 34 35 35 36 38 40 40 42 44 45 45 46 49 51 54 60 67 70 70 68 63 77 81 81 81 80 80 81 82 83 86 90 89 91 99 97 94 92 90 87 68 50 48 46 44 42 40 40 39 35 35 37
