rasters/Clipped_Flanders_tif/Flandersaltitude_topo.asc
ncols        404
nrows        99
xllcorner    2.541666576550
yllcorner    50.683333290650
cellsize     0.008333333300
NODATA_value -9999
[rows 0 to 64 of 99, columns 192 to 287 of 404]
-9999 -9999 -9999 -9999 -9999 -9999 -9999 -9999 -9999 -9999 -9999 -9999 -9999 -9999 4 8 9 5 5 5 7 9 9 6 6 6 5 6 6 6 6 6 5 5 5 5 5 6 7 8 8 9 9 10 10 11 14 14 11 11 10 10 10 10 10 10 10 10 10 10 10 10 10 9 9 9 8 7 7 7 7 7 7 6 6 5 5 7 9 10 10 10 10 10 11 12 13 14 15 17 20 20 20 20 20 20
-9999 -9999 -9999 -9999 -9999 -9999 -9999 -9999 -9999 -9999 -9999 -9999 -9999 -9999 -9999 -9999 7 6 7 8 10 10 10 10 10 10 9 10 10 9 9 9 8 8 8 8 7 9 10 9 10 10 10 10 11 13 15 15 14 14 13 12 12 11 10 10 10 10 10 10 10 10 10 10 10 10 10 9 8 8 8 8 8 8 8 7 7 8 10 10 10 10 11 12 12 13 14 15 15 17 19 20 20 21 21 21
-9999 -9999 -9999 -9999 -9999 -9999 -9999 -9999 -9999 -9999 -9999 -9999 -9999 -9999 -9999 -9999 -9999 7 8 9 10 10 10 10 10 10 10 10 10 10 10 10 10 10 10 10 10 10 10 10 10 10 10 11 13 14 15 15 14 13 12 12 11 10 10 10 10 10 10 10 10 10 10 10 10 10 10 9 8 8 8 8 9 9 8 8 9 10 12 12 10 10 11 13 13 14 15 16 16 18 20 20 21 21 21 22
-9999 -9999 -9999 -9999 -9999 -9999 -9999 -9999 -9999 -9999 -9999 -9999 -9999 -9999 -9999 -9999 -9999 -9999 10 10 10 10 11 12 13 10 10 10 10 10 10 10 10 10 10 10 10 10 10 10 11 11 12 12 13 13 13 13 12 12 12 11 11 10 10 10 10 10 10 10 10 10 10 10 10 10 10 10 8 8 8 9 9 8 8 8 9 10 12 12 12 13 13 14 14 15 15 16 16 19 20 20 21 21 21 23
-9999 -9999 -9999 -9999 -9999 -9999 -9999 -9999 -9999 -9999 -9999 -9999 -9999 -9999 -9999 -9999 -9999 -9999 8 9 10 10 13 15 15 13 11 11 11 10 10 10 10 10 10 11 11 11 11 11 12 12 12 13 13 13 13 13 12 13 11 11 11 10 10 10 10 10 10 10 10 10 10 10 10 10 10 10 8 9 11 11 8 8 8 8 10 12 13 13 13 13 14 15 16 16 17 18 19 20 20 20 21 23 24 25
-9999 -9999 -9999 -9999 -9999 -9999 -9999 -9999 -9999 -9999 -9999 -9999 -9999 -9999 -9999 -9999 -9999 -9999 -9999 10 10 10 13 15 15 15 14 13 12 11 10 10 11 11 12 13 13 13 13 12 13 13 13 13 13 13 12 14 12 13 11 11 11 10 10 10 10 10 10 10 10 10 10 10 10 10 11 11 10 10 9 8 9 9 10 11 12 13 13 13 13 13 14 15 16 17 18 19 20 20 21 21 24 24 25 25
-9999 -9999 -9999 -9999 -9999 -9999 -9999 -9999 -9999 -9999 -9999 -9999 -9999 -9999 -9999 -9999 -9999 -9999 9 10 14 15 15 15 15 15 15 14 14 13 13 13 13 13 13 13 13 13 13 13 13 13 13 13 13 13 14 15 14 15 13 13 12 12 11 11 11 10 10 10 10 10 10 10 10 11 13 13 13 13 13 11 12 12 12 12 13 13 13 13 14 14 15 15 16 17 18 19 20 21 23 24 25 25 25 25
-9999 -9999 -9999 -9999 -9999 1 1 1 -9999 -9999 1 2 2 2 2 2 2 2 4 6 11 14 15 15 17 15 15 15 14 13 13 13 13 13 13 13 13 13 13 13 13 13 13 13 13 13 13 13 13 14 12 12 12 11 11 11 11 10 10 10 10 10 10 11 11 12 12 13 13 13 12 12 12 12 12 13 13 14 14 14 15 15 15 16 18 19 20 20 21 22 24 24 25 25 25 25
-9999 -9999 1 1 1 1 1 1 1 1 2 2 2 2 2 2 1 2 5 9 12 15 17 17 20 18 18 20 16 14 14 13 13 13 13 13 13 13 13 13 13 13 13 13 13 13 13 13 13 14 12 12 12 12 11 11 11 11 10 10 10 10 11 12 12 13 13 13 13 13 13 13 13 12 13 13 13 13 14 14 15 16 16 18 19 20 20 21 22 23 25 25 25 25 25 25
1 1 1 1 1 1 1 1 1 1 1 2 2 2 2 1 1 3 5 15 19 20 19 19 19 18 19 20 16 16 16 15 15 15 14 14 15 13 13 13 13 13 13 13 13 13 13 13 13 13 13 13 13 13 12 12 12 12 12 11 10 11 13 13 13 13 13 13 13 13 13 13 13 13 13 14 14 13 13 13 15 15 16 18 19 20 20 20 20 21 24 25 25 25 26 26
1 1 1 1 1 1 1 1 1 1 2 2 2 2 2 1 1 1 3 5 20 24 21 20 20 20 20 20 18 18 18 18 17 17 16 16 17 15 13 14 14 14 14 13 13 13 13 13 13 13 13 13 13 13 13 13 13 13 13 12 12 12 13 13 13 13 13 13 13 13 13 13 13 13 13 15 15 15 15 16 15 15 15 18 19 20 20 20 20 20 23 25 25 26 26 27
1 1 1 1 1 1 1 1 1 1 1 1 2 2 2 1 1 1 1 5 15 18 20 20 20 20 20 20 19 18 18 18 18 18 18 18 18 18 16 16 16 16 16 15 16 15 14 15 16 16 16 16 15 14 14 13 13 13 13 13 13 13 13 13 14 15 14 15 15 15 14 14 14 14 13 14 15 16 17 17 17 17 17 18 18 18 18 20 21 21 23 24 25 25 26 27
1 1 1 1 1 -9999 -9999 -9999 -9999 -9999 -9999 1 2 2 2 1 1 1 1 3 13 15 15 20 21 20 20 20 20 19 19 19 18 18 18 18 18 18 17 17 16 17 17 16 16 16 15 16 16 16 16 17 15 15 14 13 13 13 13 13 13 13 15 16 17 18 17 17 18 17 17 17 17 18 17 17 17 18 18 18 18 18 18 19 19 20 21 22 23 23 23 23 24 25 26 27
-9999 -9999 -9999 -9999 -9999 -9999 -9999 -9999 -9999 -9999 -9999 -9999 2 2 2 1 1 1 2 4 7 10 13 18 20 20 20 16 15 18 20 19 18 18 18 18 18 18 17 17 17 18 18 18 17 17 17 18 18 18 18 18 18 17 17 16 15 15 17 17 16 16 17 18 18 18 18 18 18 18 18 18 18 18 17 17 17 18 18 18 18 19 20 20 21 22 23 23 23 23 23 23 23 25 26 27
-9999 -9999 -9999 -9999 -9999 -9999 -9999 -9999 -9999 -9999 -9999 -9999 -9999 2 1 1 1 1 1 1 4 5 10 15 15 15 15 15 15 18 20 20 18 18 18 18 18 18 18 18 18 18 18 18 18 18 18 18 18 18 18 18 18 18 18 17 17 17 18 18 17 17 18 18 18 18 18 19 19 20 19 19 18 18 18 18 17 18 18 18 18 18 20 21 22 23 23 23 23 23 23 23 24 25 26 28
-9999 -9999 -9999 -9999 -9999 -9999 1 -9999 -9999 -9999 -9999 -9999 -9999 2 3 2 2 2 2 2 2 4 5 9 10 12 13 15 15 16 18 20 19 19 19 18 20 19 19 19 18 18 19 19 19 19 19 19 18 18 18 18 18 18 18 18 17 18 18 18 18 18 18 19 19 20 20 21 22 23 22 21 20 19 18 18 18 18 18 18 19 19 21 21 22 23 23 23 23 23 23 23 24 26 27 28
-9999 -9999 2 2 -9999 3 3 2 1 -9999 -9999 2 6 5 4 4 5 3 3 3 3 3 6 9 10 10 10 11 13 15 16 19 20 20 20 21 22 23 23 23 23 23 22 22 21 20 19 19 18 18 18 18 18 18 18 18 18 18 18 18 18 18 19 20 20 21 22 23 23 23 23 22 21 19 18 18 20 20 21 23 23 23 23 23 23 23 23 23 23 23 24 24 25 26 27 27
-9999 -9999 3 3 3 3 3 3 1 1 -9999 -9999 4 6 6 5 5 4 3 3 3 3 5 6 7 8 9 10 12 13 15 16 17 18 18 19 22 23 23 23 23 23 23 23 22 22 22 22 21 21 21 21 21 20 20 19 19 20 21 21 20 20 21 22 22 23 23 23 23 23 23 23 23 22 21 22 23 23 23 23 23 24 24 23 23 23 23 23 23 23 24 25 26 26 27 27
3 -9999 -9999 -9999 -9999 3 3 3 3 1 1 -9999 1 3 5 6 5 4 3 3 3 3 4 4 5 5 7 8 9 10 12 13 14 15 16 18 19 20 21 22 23 22 22 23 23 23 23 23 23 23 23 23 23 22 22 21 21 22 22 23 22 22 22 23 23 23 23 23 23 23 23 23 23 23 22 23 24 25 25 25 26 26 26 25 25 25 25 25 25 26 27 27 27 28 28 28
3 3 3 3 3 3 3 2 2 1 1 1 1 1 1 2 6 6 5 4 3 3 3 3 3 3 4 5 6 8 9 10 11 12 14 15 16 17 18 18 19 20 21 22 23 23 23 23 23 23 23 23 23 22 22 22 22 22 23 23 23 23 23 23 23 23 23 23 23 23 23 23 23 23 23 24 27 28 28 28 28 28 28 27 27 27 27 27 28 28 28 28 28 28 28 28
3 3 3 3 3 3 2 2 2 1 1 1 1 1 1 2 6 6 5 5 4 3 4 3 3 3 4 4 5 6 8 9 10 11 12 13 14 15 15 16 17 17 19 20 22 23 23 23 23 23 23 23 23 23 23 23 23 23 23 23 23 23 23 23 24 23 24 24 24 24 24 24 24 24 25 26 28 28 28 28 28 28 28 28 28 28 28 28 30 29 28 28 28 27 27 28
2 3 2 2 2 2 2 2 2 1 1 1 1 1 1 1 6 6 6 5 4 4 4 4 4 3 3 3 3 4 6 7 8 9 10 11 11 12 13 14 15 16 17 18 19 20 21 22 23 23 23 23 23 23 23 23 23 23 23 24 25 23 23 23 27 23 24 24 24 24 24 24 24 24 24 25 26 28 27 28 28 28 27 27 27 28 27 28 28 27 25 24 23 23 24 24
2 2 2 2 2 2 2 1 1 1 1 1 1 1 1 1 6 6 6 5 4 4 4 4 4 4 3 3 3 3 4 5 6 7 8 8 9 10 11 12 13 14 15 16 17 18 19 20 21 22 23 23 23 23 26 26 25 26 26 26 26 23 23 23 26 23 23 23 23 23 23 23 23 23 23 23 25 27 25 25 25 25 24 23 23 23 24 24 24 23 23 23 23 23 23 22
2 2 2 2 2 2 1 1 1 1 1 1 1 1 1 1 4 6 6 6 4 4 5 4 4 4 4 4 3 3 3 4 4 5 6 7 7 8 8 10 11 12 12 13 14 16 16 17 18 20 21 22 23 24 26 28 28 28 28 28 28 26 25 24 24 24 23 23 23 23 23 23 23 22 23 23 23 23 23 23 22 22 22 22 22 22 22 23 23 22 22 21 21 21 21 21
2 2 2 1 1 1 1 1 1 1 1 1 1 1 1 1 1 4 6 6 4 5 5 4 4 4 4 4 3 3 3 3 3 4 4 6 6 7 8 8 9 10 11 12 13 13 15 15 16 17 19 20 21 23 24 25 26 28 28 28 27 25 24 23 23 23 23 23 23 22 22 23 22 22 21 21 21 21 21 21 21 20 20 20 20 20 20 20 20 19 19 18 18 18 18 18
1 1 1 1 1 1 1 1 1 1 1 1 1 1 1 1 1 1 1 1 2 3 4 5 4 4 4 4 3 3 3 3 3 3 3 4 5 7 7 7 8 9 9 10 11 12 13 13 14 15 16 17 18 20 21 23 23 23 23 27 24 23 23 21 21 20 21 21 19 19 20 20 19 20 19 20 19 19 19 19 19 19 19 19 19 18 18 18 18 18 18 18 18 18 18 18
1 1 1 1 1 1 1 1 1 1 1 1 1 1 1 1 1 1 1 1 1 2 3 5 5 4 4 4 3 3 3 3 3 3 3 3 4 5 6 7 7 8 8 9 10 10 11 11 12 12 13 14 15 16 17 18 18 19 19 21 20 19 18 18 18 18 18 18 18 18 18 18 18 18 18 18 18 18 18 18 18 18 18 18 18 17 17 17 17 17 17 18 18 18 18 18
1 1 1 1 1 1 1 1 1 1 1 1 1 1 1 1 1 1 1 1 1 1 2 2 3 3 3 3 2 2 3 3 3 3 3 3 3 4 5 5 6 7 8 8 9 10 10 10 10 11 11 12 12 12 13 14 15 16 17 18 17 17 16 16 16 17 17 18 18 17 17 17 18 18 17 17 17 17 17 17 17 17 17 17 17 17 17 17 17 17 17 18 18 18 18 18
1 1 1 1 1 1 1 1 1 1 1 1 1 1 1 1 1 1 1 1 1 1 2 2 2 3 3 3 1 1 3 3 3 3 3 3 3 4 4 4 4 4 4 4 6 7 8 8 8 9 9 10 10 11 11 12 13 13 14 14 15 15 14 14 14 15 15 15 15 14 14 15 16 16 15 15 15 15 15 16 16 16 16 16 16 16 16 16 16 16 16 17 17 17 18 18
1 1 1 1 1 1 1 1 1 1 1 1 1 1 1 1 1 1 1 1 1 1 1 2 2 2 2 2 1 1 3 3 3 3 3 3 3 4 4 3 3 3 3 4 7 7 8 8 8 8 8 8 8 9 10 10 11 12 12 13 13 13 13 13 13 13 13 13 13 13 13 13 13 14 13 13 14 14 13 14 15 15 14 14 15 15 15 15 15 15 15 17 17 17 17 17
1 1 1 1 1 1 1 1 1 1 1 1 1 1 1 1 1 1 1 1 1 1 1 1 1 2 2 2 1 1 4 4 4 4 4 4 4 4 4 4 4 3 3 5 7 7 7 8 8 8 8 8 8 8 8 9 10 10 11 11 11 11 11 11 11 12 12 12 12 12 12 12 13 13 13 13 13 13 13 13 13 13 13 13 13 14 14 14 14 14 14 16 17 17 17 17
1 1 1 1 1 1 1 1 1 1 1 1 1 1 1 1 1 1 1 1 1 1 1 1 1 1 1 1 1 1 3 3 3 3 3 3 3 3 3 3 3 3 3 4 6 6 6 7 7 7 8 8 8 8 8 8 8 9 9 10 10 10 10 10 10 11 11 11 11 10 11 12 12 12 12 13 12 12 13 13 13 13 13 13 13 13 13 13 13 14 14 16 16 17 17 17
1 1 1 1 1 1 1 1 1 1 1 1 1 1 1 1 1 1 1 1 1 1 1 1 1 1 1 1 1 1 1 2 2 2 3 3 3 3 3 3 3 3 3 3 4 4 4 6 7 7 8 8 8 8 8 8 8 9 9 9 8 8 9 9 9 9 10 10 10 9 10 11 11 11 11 12 12 12 12 13 13 13 13 13 13 13 13 13 13 13 13 14 16 17 17 18
2 2 2 2 2 2 3 3 3 3 3 3 3 3 3 3 3 2 2 2 2 2 2 1 1 1 1 1 1 1 1 2 2 3 3 3 4 3 3 3 3 3 3 3 4 4 5 7 7 7 7 8 7 7 8 8 8 8 8 8 8 8 8 8 8 8 8 8 8 8 8 9 9 10 10 11 11 11 12 13 13 13 13 13 13 13 13 13 13 13 13 15 17 18 20 23
3 3 3 3 3 3 3 3 3 4 4 5 5 5 5 5 4 4 4 4 4 3 3 2 1 1 1 1 1 1 1 2 3 3 3 3 3 3 3 3 3 3 3 3 3 3 4 5 5 6 6 7 7 7 7 7 7 7 7 8 8 8 8 7 8 8 8 8 8 8 8 9 9 9 9 10 10 10 10 12 12 12 12 12 12 12 13 13 15 16 17 18 21 22 17 14
3 3 3 3 3 3 3 4 5 6 7 8 8 8 8 7 7 6 7 6 6 5 4 3 2 1 1 1 1 1 2 3 3 4 4 4 4 3 3 3 3 3 3 3 4 4 6 6 7 7 7 7 7 7 7 7 7 7 7 8 8 8 7 7 8 8 8 8 8 8 8 9 9 9 9 9 9 9 9 12 12 12 12 12 13 13 14 17 19 23 23 17 16 14 13 13
6 6 7 6 6 5 6 7 7 8 8 9 9 9 9 8 8 8 8 8 8 8 6 3 1 1 1 1 2 3 5 5 5 5 5 6 6 5 5 4 4 5 5 5 5 6 7 7 7 7 7 7 7 7 7 7 6 6 6 8 8 6 6 6 8 8 8 8 8 8 8 8 8 8 8 8 8 8 8 11 12 12 13 15 17 23 21 16 13 13 13 13 13 13 13 13
7 7 8 8 9 8 8 9 9 10 11 11 11 11 11 10 8 8 8 8 7 5 1 1 2 3 4 4 5 6 7 7 7 7 7 7 7 7 8 7 7 8 7 7 7 8 8 8 8 8 8 8 8 8 8 8 6 6 6 7 7 5 6 7 8 8 8 8 8 8 8 8 8 8 8 8 8 8 9 11 13 17 23 25 18 13 13 13 13 13 13 13 13 13 13 13
9 9 11 12 13 13 13 13 13 13 13 13 13 13 13 13 12 10 9 8 5 1 1 3 5 6 8 8 8 8 8 8 8 8 8 8 9 9 9 8 8 8 8 8 8 8 8 8 8 8 8 8 8 8 8 8 6 5 4 4 3 3 3 3 6 7 7 7 7 7 7 8 8 8 8 8 8 8 8 8 11 12 12 12 12 13 13 13 13 13 13 13 13 13 13 13
13 13 13 15 17 17 18 18 17 17 13 13 13 13 12 11 9 8 8 5 2 1 3 7 8 8 8 8 8 8 8 8 8 9 9 10 11 11 11 11 11 11 10 10 9 9 8 8 8 8 8 8 8 8 8 8 5 3 3 3 3 3 3 3 4 5 6 6 7 7 7 8 8 8 8 8 8 8 8 10 12 13 13 13 13 13 14 14 14 15 15 15 15 15 15 16
15 16 17 18 18 18 18 18 17 17 13 13 11 11 10 9 8 8 7 3 1 1 4 8 8 8 8 8 9 9 9 10 10 11 11 12 13 14 14 13 14 13 13 12 11 11 9 8 8 8 8 7 7 8 8 7 3 3 3 3 3 4 3 3 6 7 7 7 7 8 8 8 8 8 8 8 9 9 10 12 11 12 13 13 14 14 15 16 16 16 16 16 17 17 18 18
18 18 19 19 18 18 18 17 15 14 13 12 9 8 8 8 8 8 5 2 1 1 4 8 8 8 8 8 8 8 8 11 11 12 12 13 17 16 15 16 16 14 13 13 13 12 10 8 8 7 7 7 7 8 5 3 3 3 3 3 6 7 4 4 7 7 7 8 8 8 8 8 8 8 9 10 11 11 11 12 12 13 13 14 16 16 17 18 18 18 18 18 18 18 18 18
20 21 22 22 21 19 19 18 18 18 17 15 13 13 12 11 9 6 3 2 1 1 4 8 8 8 8 8 8 8 8 10 11 13 13 18 18 18 18 18 18 13 13 13 12 10 9 8 7 6 5 4 3 3 3 3 3 3 3 3 3 6 4 4 6 7 7 7 7 7 8 8 8 8 9 11 12 13 13 13 13 13 13 16 17 18 18 20 21 22 22 20 20 19 19 19
23 23 23 23 23 23 22 22 22 21 20 19 19 18 18 16 12 8 3 2 1 1 3 7 8 8 8 8 8 8 8 10 11 12 12 13 15 18 16 13 12 11 9 9 9 8 8 7 6 5 3 3 3 3 3 3 3 3 3 3 3 5 3 4 7 7 7 7 7 7 7 8 8 12 13 13 13 12 12 12 13 13 14 17 19 20 23 23 23 22 21 20 19 19 18 18
23 24 23 23 23 23 17 13 21 23 21 23 23 21 17 12 8 7 2 1 1 1 2 5 7 7 8 10 12 13 12 12 13 13 15 18 17 15 13 12 11 10 8 8 7 7 7 6 4 3 3 3 3 3 3 3 3 3 3 3 3 3 3 3 5 7 7 7 7 8 8 8 8 10 10 9 9 8 9 10 12 13 15 18 18 18 18 20 20 19 18 18 18 18 18 18
24 24 24 23 22 20 14 13 11 12 13 17 19 18 14 10 8 3 2 1 1 2 3 6 7 9 12 14 15 15 15 14 13 13 16 18 18 14 14 13 12 10 8 7 6 6 5 5 4 3 3 3 3 3 3 3 3 3 3 3 3 3 3 3 4 6 7 8 8 8 8 8 8 8 8 8 8 8 8 9 11 13 14 17 17 17 17 17 17 17 18 18 18 17 17 17
23 23 23 23 22 11 1 1 1 1 1 1 1 1 1 1 1 1 1 1 2 3 6 8 13 16 18 18 18 19 19 19 18 17 18 18 17 15 14 13 11 9 8 6 5 4 4 3 3 3 3 3 3 3 3 3 3 3 4 3 3 3 3 3 3 6 7 7 7 7 7 7 7 7 7 8 8 8 8 10 11 13 13 13 13 13 14 14 15 15 15 16 16 16 15 15
3 3 3 2 2 1 1 1 1 1 1 1 1 1 2 2 2 2 2 2 3 3 5 7 9 12 14 17 19 23 23 23 21 20 20 19 18 16 13 11 10 8 7 5 3 3 3 3 3 3 3 3 4 3 4 4 4 4 7 6 5 4 3 3 4 8 8 8 8 8 8 7 8 8 8 8 8 8 8 8 10 11 11 12 12 13 13 13 13 14 14 14 14 14 14 14
2 1 1 1 1 1 1 2 2 2 2 2 2 3 3 3 3 3 3 2 3 3 5 7 8 12 13 15 17 19 23 23 23 23 24 24 23 18 13 11 9 8 6 4 3 3 3 4 4 3 3 4 5 5 6 6 7 7 8 8 7 7 6 5 8 8 8 8 8 8 8 8 8 8 8 8 8 8 8 8 10 11 11 11 12 12 12 13 13 13 13 13 13 13 13 13
2 1 1 1 1 1 2 3 3 3 3 3 3 3 3 3 3 3 3 3 3 3 3 5 6 9 13 16 18 20 23 26 28 28 28 28 23 16 11 9 8 5 3 3 5 5 6 7 7 6 6 7 7 7 7 8 8 8 8 8 8 8 7 7 8 8 8 8 8 8 8 7 8 8 8 8 8 8 9 9 11 10 10 10 11 11 12 13 13 13 13 13 13 13 13 13
1 1 1 1 1 1 4 5 5 3 3 3 3 3 3 3 3 3 3 2 3 3 3 3 3 4 6 7 14 16 18 16 17 15 11 10 8 6 5 5 3 3 3 3 7 7 8 9 10 9 8 8 8 8 8 8 8 9 12 12 10 9 9 8 8 8 8 10 11 10 7 5 4 8 8 8 8 8 8 9 11 10 9 9 10 10 12 13 13 13 13 13 13 13 13 13
1 1 1 1 1 3 5 5 5 3 3 3 3 3 3 3 3 3 3 2 3 3 3 3 3 3 3 3 3 5 5 5 5 4 3 3 3 3 3 3 3 3 3 4 5 6 7 9 10 10 12 12 12 13 11 10 10 10 10 10 10 11 12 12 11 12 16 18 20 24 20 14 4 4 8 8 8 8 10 9 11 8 8 8 8 9 10 10 10 10 10 11 14 13 13 13
1 1 1 1 1 4 5 5 4 3 3 3 3 3 3 3 3 3 3 2 3 3 3 3 3 3 3 3 3 3 4 4 3 3 3 3 3 3 3 3 3 3 3 4 5 6 7 8 8 10 13 14 14 13 14 14 14 13 12 13 13 13 14 15 16 14 15 18 18 16 13 11 7 4 4 6 8 8 11 10 11 8 8 8 8 8 9 10 10 13 17 22 20 15 13 13
1 1 1 1 1 3 5 5 5 5 4 3 3 3 3 3 3 3 3 3 3 3 3 3 3 3 3 3 3 3 3 2 3 3 3 3 3 3 3 3 3 3 3 3 5 6 7 9 10 10 12 17 17 15 17 18 18 19 19 18 19 24 29 25 18 13 12 12 11 10 10 8 8 7 5 5 7 7 8 8 8 8 8 8 9 9 10 10 13 22 28 28 23 17 15 13
1 1 1 1 1 1 2 2 3 4 3 3 3 3 3 3 3 3 3 3 3 3 3 3 3 3 3 3 3 3 2 2 1 2 3 3 3 3 3 3 3 3 3 4 5 5 6 7 9 10 10 10 10 11 13 17 18 21 18 17 17 18 19 16 12 12 11 11 11 10 10 8 8 8 8 8 8 8 8 8 8 8 9 9 10 10 13 17 21 28 27 22 22 17 15 15
1 1 1 1 1 1 2 3 3 4 3 3 3 3 3 3 5 5 5 4 4 4 4 3 3 3 3 3 3 3 3 3 3 3 3 4 3 3 3 3 3 3 3 3 4 5 5 5 6 6 7 7 8 8 9 11 13 18 14 11 11 12 13 13 10 10 10 10 10 10 10 9 8 9 9 8 8 8 8 8 8 9 9 10 10 12 15 20 20 18 14 15 15 15 15 15
3 2 1 1 1 1 3 3 4 4 4 5 5 4 4 4 5 5 5 5 5 5 5 4 4 5 5 5 5 5 5 3 3 3 3 4 4 3 3 3 3 3 3 3 4 5 5 5 5 5 5 6 6 6 6 7 7 7 7 8 8 8 8 8 8 8 8 8 8 9 9 9 9 9 9 9 9 10 10 9 10 10 10 11 12 13 13 13 13 13 13 14 15 15 15 16
3 3 3 2 3 4 5 5 5 5 5 6 5 5 5 5 5 6 6 6 6 5 5 5 5 5 5 5 5 5 5 7 8 3 3 3 5 5 4 4 4 3 3 3 3 4 5 5 5 5 5 5 5 5 5 5 5 6 6 6 8 8 8 8 8 8 8 8 8 8 9 9 9 9 9 9 10 10 10 10 10 13 15 13 13 13 13 13 13 13 13 14 15 15 15 16
4 5 5 6 6 5 5 6 8 8 8 9 9 8 6 7 7 7 7 7 7 7 6 5 5 6 6 6 5 5 6 7 8 8 6 3 3 5 6 5 5 5 4 3 3 4 5 5 5 5 5 5 5 5 5 5 5 5 5 6 7 7 7 8 8 8 8 8 9 9 9 9 10 10 10 10 10 10 10 10 10 12 13 13 13 13 13 13 13 13 13 15 15 15 17 19
6 7 7 8 9 9 8 8 8 11 14 18 15 10 8 8 8 8 8 8 8 8 8 8 8 8 8 7 7 7 7 7 8 8 8 5 5 8 8 8 7 7 8 7 5 6 6 6 5 5 5 5 5 5 5 5 5 6 6 7 7 8 8 8 8 8 8 10 10 10 10 10 10 10 11 11 10 10 10 10 11 12 13 13 13 13 14 16 15 15 16 18 15 15 15 15
7 9 12 13 14 14 13 13 12 13 15 18 15 11 8 8 11 11 10 9 9 9 8 8 8 8 8 8 8 8 8 8 8 8 8 7 6 6 7 8 8 8 8 7 6 7 6 7 7 6 6 7 7 8 8 8 8 8 8 8 8 8 8 8 8 8 8 9 10 10 10 11 13 17 17 16 16 15 13 13 13 13 16 18 18 18 19 20 28 18 15 15 16 15 15 15
10 12 14 17 20 21 22 21 20 20 20 20 18 15 12 14 17 17 15 13 14 15 15 14 13 13 13 10 10 10 10 11 11 10 10 10 9 8 9 9 9 10 10 9 10 10 8 9 8 6 6 6 6 6 8 7 7 9 10 10 11 11 11 12 12 11 13 13 14 14 15 16 18 19 19 22 26 20 18 17 17 17 17 19 23 33 27 17 17 17 17 17 19 19 20 24
10 10 12 14 17 20 23 30 29 25 24 23 19 15 12 16 20 20 16 15 16 17 17 16 15 15 14 11 10 13 11 10 11 12 11 11 10 10 8 8 9 10 11 10 10 10 10 10 10 10 8 7 6 7 9 9 8 8 8 8 8 7 9 9 10 10 10 10 10 11 13 14 15 16 17 19 20 17 15 15 15 15 15 16 17 15 15 17 20 28 19 20 23 26 29 40
14 13 14 15 17 17 22 29 30 30 30 23 18 15 14 20 22 20 18 17 18 18 18 17 16 17 17 15 15 14 13 13 14 13 12 12 11 10 9 10 9 9 9 10 9 9 10 10 10 10 10 10 8 7 9 10 10 11 10 9 8 8 8 8 8 10 10 10 10 10 11 12 13 13 13 13 14 14 17 18 22 40 50 43 30 22 20 18 19 18 20 19 21 25 30 51
19 18 20 20 20 19 19 22 30 27 23 19 17 18 18 20 25 23 20 19 19 20 19 19 20 20 19 17 16 15 16 15 14 12 12 11 10 8 10 10 9 9 10 10 10 10 10 10 12 11 11 11 11 10 8 8 9 9 10 10 9 9 9 8 8 10 11 10 10 10 10 16 19 19 16 16 16 20 22 27 39 48 53 50 40 31 30 43 29 20 28 23 26 30 49 60
