rasters/Clipped_Flanders_tif/FlandersBio19.asc
ncols        404
nrows        99
xllcorner    2.541666656550
yllcorner    50.683333250650
cellsize     0.008333333300
NODATA_value -9999
[rows 42 to 83 of 99, columns 0 to 93 of 404]
-9999 -9999 -9999 -9999 -9999 -9999 -9999 -9999 -9999 -9999 -9999 -9999 -9999 -9999 -9999 -9999 -9999 -9999 -9999 -9999 -9999 -9999 151 151 150 150 150 150 150 149 149 149 149 149 149 148 149 149 150 150 150 150 150 150 150 151 152 152 153 154 155 155 155 157 157 158 158 159 160 161 162 163 164 165 166 167 168 168 169 171 172 173 173 174 174 174 174 174 176 174 175 175 176 176 176 175 175 175 175 175 175 175 175 176
-9999 -9999 -9999 -9999 -9999 -9999 -9999 -9999 -9999 -9999 -9999 -9999 -9999 -9999 -9999 -9999 -9999 -9999 -9999 151 151 151 151 151 150 150 150 150 150 149 149 149 149 149 149 150 149 150 150 150 150 150 150 150 150 152 152 153 153 153 155 155 155 156 157 158 158 159 160 161 162 163 164 165 166 167 169 169 171 171 171 171 172 173 174 174 174 174 174 174 174 175 176 176 176 176 175 175 175 175 175 175 175 175
-9999 -9999 -9999 -9999 -9999 -9999 -9999 -9999 -9999 -9999 -9999 -9999 -9999 -9999 -9999 -9999 151 152 152 151 151 151 151 151 150 150 150 150 150 150 149 149 149 149 149 149 151 150 150 150 150 150 150 150 150 153 153 153 153 153 155 155 156 156 158 158 159 159 161 161 162 163 164 165 166 167 168 169 169 171 171 171 172 173 174 174 174 174 174 174 175 176 176 177 176 175 175 175 175 175 175 175 175 175
-9999 -9999 -9999 -9999 -9999 -9999 -9999 -9999 -9999 -9999 -9999 -9999 -9999 153 153 152 152 152 152 152 151 151 151 151 151 150 150 150 150 150 150 149 149 149 149 151 151 151 151 151 151 150 150 151 153 153 153 153 153 153 155 155 156 156 158 158 159 160 161 162 162 163 165 165 166 168 168 168 169 171 171 171 171 173 174 174 176 174 176 174 176 177 176 175 175 175 175 175 175 175 176 175 175 176
-9999 -9999 -9999 -9999 -9999 -9999 -9999 -9999 -9999 -9999 153 153 153 153 153 152 152 152 152 152 151 151 151 151 151 150 150 150 150 150 150 150 149 149 149 150 151 151 151 151 151 151 151 151 153 153 153 153 153 154 155 156 156 156 158 159 159 161 161 162 162 164 165 165 167 169 171 169 171 171 171 171 171 173 174 174 174 174 175 175 176 175 177 177 175 175 175 175 177 178 178 175 175 175
-9999 -9999 -9999 -9999 -9999 -9999 -9999 152 152 154 154 153 153 153 153 153 151 151 152 152 151 151 151 151 151 151 150 150 150 150 150 150 150 149 150 150 151 151 151 151 151 151 151 152 153 153 153 153 153 155 156 156 156 158 159 159 159 161 162 162 164 165 165 165 167 169 168 169 171 171 171 171 172 173 174 174 174 174 174 174 174 175 175 175 175 175 175 175 175 178 178 178 178 178
-9999 -9999 -9999 -9999 -9999 153 154 154 154 154 154 153 153 152 151 150 150 151 152 152 151 151 151 151 151 151 150 150 150 150 150 150 150 151 150 150 151 151 151 151 151 151 152 152 152 153 153 153 155 156 156 156 157 159 159 159 159 161 162 162 164 166 165 165 168 169 168 170 171 171 171 171 171 172 174 174 174 174 174 174 175 175 175 175 175 175 175 175 178 178 178 178 178 178
-9999 -9999 153 154 154 154 154 154 154 154 152 151 151 151 151 151 150 151 152 152 151 151 151 151 151 151 151 150 150 150 150 150 150 151 151 150 151 151 151 151 151 151 152 152 153 153 153 154 155 156 156 156 158 159 159 159 162 162 162 162 165 165 168 168 170 168 168 171 171 171 171 171 171 172 173 174 174 174 174 174 174 174 175 175 175 175 175 175 175 175 178 175 177 178
154 154 154 154 154 154 154 154 153 153 152 151 151 151 151 151 151 151 151 151 151 151 151 151 151 151 151 151 150 150 150 150 151 151 151 151 152 151 151 151 151 152 152 154 154 154 154 155 155 156 156 158 159 159 159 159 162 162 165 165 165 168 168 168 168 168 171 171 171 171 171 172 172 173 174 174 172 173 173 173 174 174 175 175 175 175 175 175 175 178 175 176 176 177
154 153 153 154 153 153 153 153 153 153 153 151 151 151 151 151 152 151 151 151 152 151 151 151 151 151 151 151 151 150 150 151 151 151 151 151 151 152 152 152 153 153 153 154 154 154 155 156 156 156 157 158 158 159 162 162 165 165 165 167 167 168 168 168 168 168 170 171 171 171 171 172 173 171 171 172 172 173 173 173 174 174 175 175 175 175 175 175 175 175 175 176 175 178
153 153 153 153 153 153 153 153 153 153 153 151 151 151 153 152 152 152 151 151 152 152 152 151 151 151 151 151 151 150 150 151 151 151 151 151 151 152 152 152 153 153 153 154 154 155 157 156 157 157 158 158 159 159 161 162 165 165 165 165 165 165 165 165 166 167 168 168 168 168 170 171 170 171 171 171 172 173 173 173 175 175 175 175 175 175 175 175 175 175 176 176 176 176
153 153 153 153 153 153 153 153 153 153 153 152 152 151 151 152 152 152 151 151 151 152 152 151 151 151 151 151 151 151 151 151 151 151 151 151 152 152 152 153 153 153 153 154 154 155 156 157 157 157 158 158 159 159 159 161 161 162 162 165 165 164 164 165 165 167 167 168 168 168 168 170 170 170 171 171 172 173 173 173 174 175 175 175 175 175 175 175 175 176 176 176 176 176
153 153 153 153 153 153 153 153 153 153 152 152 152 152 152 152 152 152 151 151 151 151 152 152 151 151 151 151 151 152 152 151 151 151 151 151 151 152 152 152 153 153 153 153 154 155 155 156 156 157 158 158 158 158 159 161 161 161 161 162 162 164 164 164 165 167 167 167 168 168 168 170 170 170 170 171 172 173 173 173 174 175 175 175 175 175 176 175 175 175 175 175 176 176
153 153 153 153 153 153 153 153 153 153 152 152 152 152 152 152 152 152 151 151 151 151 152 152 151 151 151 151 151 152 152 151 151 151 151 151 151 152 152 153 153 153 153 153 153 155 155 155 156 156 158 158 158 158 159 161 161 161 161 161 162 162 164 164 164 165 167 167 167 167 168 170 170 170 170 171 173 173 173 173 175 176 176 176 176 176 176 175 175 176 176 175 176 176
153 153 153 153 153 153 153 153 153 153 152 152 152 152 152 152 152 152 151 151 151 151 152 152 151 151 151 151 152 152 152 152 151 151 151 151 151 152 152 153 153 153 153 153 153 153 155 155 155 156 156 158 158 158 158 158 161 161 161 161 161 161 164 164 164 164 166 167 167 167 168 170 170 170 170 172 173 173 173 173 176 176 176 176 176 176 176 176 176 176 176 176 176 176
153 153 153 153 153 153 153 153 153 152 152 152 152 152 152 152 152 151 151 151 151 151 151 152 152 151 151 151 152 152 152 152 152 151 151 151 151 152 153 153 154 155 153 153 153 153 154 155 155 156 156 158 158 158 158 159 160 161 161 161 161 163 164 164 164 164 167 167 167 167 168 170 170 170 170 172 173 173 173 173 173 175 176 176 176 176 176 176 176 176 176 176 176 176
153 153 153 153 153 153 153 153 153 153 152 152 152 152 152 152 152 152 151 151 151 151 151 151 151 151 151 152 152 152 152 152 152 152 151 151 151 152 153 154 154 156 156 156 156 156 156 156 156 156 156 156 157 158 158 158 158 161 161 161 161 163 164 164 164 164 167 167 167 167 170 170 170 170 170 173 173 173 173 173 173 175 176 176 176 176 176 176 176 177 176 177 176 176
153 153 153 153 153 153 153 153 153 153 153 153 154 153 152 152 152 152 152 152 152 152 151 151 152 152 152 152 152 152 152 152 152 152 152 152 152 152 153 154 154 156 156 156 156 156 156 156 156 156 156 157 158 159 159 160 161 161 161 161 162 164 164 164 164 164 166 167 167 167 168 170 170 170 170 171 173 173 173 174 174 175 176 176 176 176 174 174 176 175 175 176 177 177
153 153 153 153 153 153 153 153 153 153 153 153 153 153 152 152 152 152 153 153 153 152 151 151 151 151 152 152 152 152 152 152 152 152 152 152 153 153 154 154 154 154 156 157 156 156 156 156 156 156 156 157 157 158 159 160 161 161 162 163 163 164 164 164 164 164 167 167 167 167 169 170 170 173 173 173 173 173 174 174 174 173 173 173 173 174 174 174 174 174 175 175 177 177
153 153 153 153 153 153 153 153 153 153 153 153 152 153 152 152 152 154 154 154 154 153 151 152 152 153 152 152 152 152 152 152 152 152 152 152 153 153 154 154 154 154 155 156 159 159 156 157 157 157 157 157 159 159 159 159 160 161 161 161 163 163 164 164 164 166 166 167 167 169 169 169 170 170 170 170 170 170 171 172 172 172 173 173 173 173 174 174 174 174 176 177 177 177
153 153 153 153 153 153 153 153 153 153 153 152 153 154 154 153 152 154 154 154 153 153 152 152 152 152 151 152 152 152 152 152 152 152 152 153 153 153 153 154 154 154 155 155 156 156 156 156 158 159 159 159 159 159 160 160 160 160 161 161 163 164 164 164 164 166 166 169 168 167 167 167 169 169 169 170 170 170 170 170 172 172 172 172 172 172 172 173 174 174 175 175 175 175
153 153 153 153 153 154 154 154 153 153 154 154 153 154 154 154 153 154 154 154 153 153 152 152 152 152 152 151 152 152 152 152 152 152 152 153 153 153 153 153 154 154 155 155 155 156 156 157 158 158 159 159 159 160 160 160 160 160 161 162 163 163 164 167 167 168 168 167 166 167 167 167 167 169 169 169 170 170 170 170 171 172 172 172 172 172 172 172 172 174 175 174 174 174
154 153 153 154 154 154 154 155 155 155 155 155 155 154 154 153 153 153 153 153 152 152 153 152 152 152 152 151 152 152 152 152 152 152 153 153 153 153 153 153 154 154 155 155 155 155 156 156 157 159 158 158 159 160 162 160 160 161 162 163 163 163 163 164 164 165 166 166 166 166 166 166 167 168 169 169 169 169 169 169 170 172 172 172 172 172 172 172 172 172 172 174 174 173
154 154 154 154 154 155 155 155 155 155 155 155 155 153 153 154 153 153 153 153 152 152 152 152 152 152 152 151 151 152 152 152 152 152 153 153 153 153 153 153 154 155 155 155 155 156 156 157 158 159 159 158 159 160 161 162 160 161 162 163 163 163 163 163 163 163 164 166 166 166 166 166 166 166 169 169 169 169 169 169 169 169 172 172 172 172 172 172 172 172 172 172 173 173
154 154 154 155 154 155 155 155 155 155 154 155 153 153 153 153 153 153 154 154 152 152 152 152 152 152 152 152 152 152 152 152 153 153 153 153 153 153 153 153 154 155 155 155 155 155 156 158 158 158 158 158 159 160 160 162 162 162 163 163 163 163 163 163 163 163 163 166 166 166 166 166 166 166 167 168 169 169 169 169 169 169 169 172 172 172 172 172 172 172 172 172 172 173
156 155 155 155 155 155 155 155 154 154 153 153 153 153 153 153 153 153 152 152 152 152 152 152 152 152 152 152 153 152 152 152 153 153 153 153 153 153 153 153 154 155 155 155 155 155 155 157 158 158 158 158 158 160 160 160 163 162 163 163 163 163 163 163 163 163 163 166 166 166 166 166 166 166 166 166 167 167 169 169 169 169 169 169 171 171 171 171 171 172 172 172 172 173
156 155 155 155 154 154 154 154 154 154 153 153 153 153 153 153 153 153 152 152 152 152 152 152 152 152 152 152 153 153 153 153 153 153 153 153 153 153 153 153 153 154 155 155 155 156 158 158 158 158 158 158 158 158 160 160 163 163 161 161 162 163 163 163 163 163 163 164 165 166 166 166 166 166 166 166 166 169 169 169 169 169 169 169 169 171 171 171 171 171 172 175 174 172
156 155 155 154 154 154 154 154 154 154 153 153 153 153 153 153 153 153 152 152 152 152 152 152 152 152 152 153 153 154 154 153 153 153 153 153 153 153 153 153 153 154 155 155 155 155 155 155 156 158 158 158 158 159 160 161 163 163 162 161 162 163 163 163 163 163 163 163 165 166 166 166 166 166 166 166 166 167 167 168 169 169 169 169 169 169 169 170 169 172 172 172 172 171
156 156 154 155 154 154 155 154 153 153 153 153 153 153 153 153 153 153 152 152 152 152 152 152 152 152 153 154 154 154 154 154 153 153 153 153 153 153 153 153 154 154 154 155 155 155 155 157 157 158 158 158 158 160 160 163 163 161 162 162 162 162 163 163 163 163 163 165 166 166 165 166 166 166 166 166 166 167 167 168 168 168 168 168 169 169 169 169 170 170 170 171 171 171
155 154 155 154 154 154 153 153 153 153 153 153 153 153 153 153 153 153 153 153 152 152 152 152 152 152 154 154 154 154 154 154 154 153 154 153 153 153 154 154 154 155 154 155 155 155 157 157 157 158 158 158 158 159 159 161 163 163 163 162 162 162 162 162 163 163 163 164 165 165 165 165 165 165 166 166 166 167 167 167 168 168 168 168 168 169 169 169 169 170 171 171 171 171
154 154 154 154 154 154 153 153 153 153 153 153 153 153 153 153 153 153 153 153 153 153 152 154 153 153 154 154 154 154 154 154 153 153 153 153 153 153 156 156 156 156 156 155 155 155 155 156 157 157 157 158 159 159 159 162 163 164 162 162 162 162 163 163 163 163 163 163 164 164 164 165 165 165 166 166 168 168 167 168 167 168 168 168 168 169 169 169 170 170 171 170 171 171
154 154 154 154 154 154 154 153 153 153 153 153 153 153 153 155 155 155 155 155 155 155 155 153 153 153 154 154 154 154 154 154 154 154 153 154 153 153 154 155 155 156 156 156 156 155 155 157 157 157 158 158 158 159 159 161 162 162 162 162 162 162 165 166 165 164 163 163 165 164 165 165 165 165 166 166 167 167 168 167 167 168 168 168 168 170 171 171 171 171 171 171 171 171
154 154 154 154 154 154 154 153 153 153 153 153 153 153 153 154 154 155 155 155 155 155 155 154 154 153 153 154 154 154 154 154 154 154 154 154 155 155 154 154 155 156 156 156 157 157 157 157 157 157 157 158 159 160 160 162 162 162 162 162 162 162 163 163 162 162 162 164 165 165 165 165 165 165 165 165 165 167 167 168 168 168 170 171 170 171 170 169 168 169 170 171 171 171
154 154 154 154 154 154 154 153 153 153 153 155 156 156 154 154 155 155 155 155 155 155 155 155 155 154 153 154 154 154 154 154 154 154 154 154 155 155 155 154 155 154 156 156 157 157 157 157 157 158 158 159 159 159 160 162 161 161 162 162 162 162 162 162 162 162 162 162 164 164 164 164 165 165 165 165 165 165 167 168 168 168 168 170 168 168 168 168 168 169 169 169 171 171
154 154 154 155 155 154 154 153 153 153 154 154 156 156 156 158 155 156 155 155 155 155 155 155 154 153 153 154 154 156 154 154 154 154 154 155 155 155 155 154 155 155 156 156 157 157 157 157 157 157 157 158 159 160 160 162 162 160 159 162 162 160 162 162 162 162 162 162 162 162 163 163 163 164 164 165 165 166 167 168 168 168 167 168 168 168 168 168 168 169 169 169 169 169
155 155 155 155 155 155 154 153 153 154 154 154 156 155 156 156 156 155 155 155 155 155 155 153 153 154 154 154 154 154 154 154 154 155 155 155 155 155 155 155 154 155 155 155 157 157 157 157 157 159 158 159 160 160 160 163 162 162 160 159 159 159 161 162 162 162 162 162 162 162 163 163 163 163 163 165 167 166 166 168 168 166 166 166 168 168 168 168 168 168 169 169 169 169
155 155 156 155 155 155 154 155 155 155 154 154 156 156 156 156 157 156 155 155 155 155 155 155 155 154 154 154 155 155 155 155 155 155 155 155 155 155 155 155 155 155 155 157 157 157 157 159 160 160 160 160 161 163 162 162 163 162 162 162 161 159 160 160 160 161 161 162 162 162 162 163 163 163 163 165 165 165 165 166 166 166 166 166 166 168 168 168 168 168 168 168 169 169
155 155 156 156 155 155 155 155 155 155 154 154 156 156 156 157 158 155 155 155 154 154 155 155 155 154 154 156 156 156 155 155 155 155 155 155 155 155 155 155 155 155 157 157 157 157 157 157 160 160 163 162 162 162 160 160 159 162 159 159 161 161 160 162 161 161 161 162 162 162 162 162 163 163 163 163 164 165 165 165 165 166 166 166 166 166 167 168 168 167 169 169 169 169
155 155 155 156 156 155 155 155 155 154 154 154 155 156 159 159 157 155 155 154 154 154 155 156 155 155 155 156 156 155 155 155 155 155 155 155 155 155 155 155 155 155 155 156 157 157 160 160 160 161 160 163 162 162 160 160 158 158 158 159 159 161 162 162 161 161 161 163 163 161 162 162 163 163 163 163 163 164 164 165 165 165 166 166 166 166 166 167 167 168 168 168 169 169
157 156 156 158 155 155 155 155 155 155 155 154 156 157 159 158 157 155 154 154 155 155 156 156 156 156 156 156 156 155 155 155 155 155 155 155 155 155 156 156 155 155 156 156 157 158 159 160 160 160 160 158 160 159 160 160 160 158 158 158 158 161 161 160 160 161 161 161 161 161 161 162 163 163 163 163 163 163 164 164 164 166 166 166 166 166 166 167 167 168 168 169 169 169
157 156 156 158 156 155 155 155 156 156 156 155 156 157 157 155 155 155 156 155 156 156 156 156 156 157 156 156 156 156 155 155 155 155 155 155 155 155 156 155 155 156 156 157 158 160 160 160 160 158 157 157 158 158 158 158 160 161 161 159 158 158 158 160 160 160 160 160 161 161 161 161 161 162 163 163 163 163 163 163 164 164 164 165 166 166 166 167 167 168 169 169 169 169
158 158 156 156 155 155 155 157 156 156 157 157 157 157 157 157 157 157 157 156 156 156 158 158 156 156 156 158 156 156 156 156 156 155 155 155 155 156 156 156 156 156 156 157 160 160 159 157 157 158 156 158 160 158 158 158 161 161 161 159 158 158 158 158 159 159 160 160 160 161 161 161 161 161 162 163 163 163 163 163 163 163 166 166 166 166 166 167 167 169 169 169 169 169
