rasters/Clipped_Flanders_tif/FlandersBio19.asc
ncols        404
nrows        99
xllcorner    2.541666656550
yllcorner    50.683333250650
cellsize     0.008333333300
NODATA_value -9999
[rows 42 to 83 of 99, columns 94 to 187 of 404]
176 176 177 177 177 177 177 177 177 177 177 177 179 179 180 180 180 179 179 179 179 178 178 178 178 178 177 177 177 178 178 179 179 179 179 179 179 179 179 179 179 179 179 179 180 181 181 181 181 181 181 181 181 181 181 181 182 182 182 182 182 182 182 182 182 182 182 182 182 182 183 183 183 183 183 183 183 183 183 183 183 184 184 184 184 184 184 184 184 187 187 187 187 187
175 175 177 177 177 177 177 177 177 177 177 177 177 177 179 180 180 181 180 179 178 178 178 178 178 178 178 177 178 178 177 177 178 179 179 179 179 179 179 180 179 180 180 180 180 181 181 181 181 181 181 181 181 181 181 181 182 182 182 182 182 182 182 182 182 184 182 182 184 183 183 183 183 183 183 183 183 183 183 183 184 184 184 184 184 184 184 184 186 186 187 187 187 188
175 175 176 176 176 176 176 176 176 176 177 178 179 177 178 180 179 179 179 179 178 179 180 178 178 178 178 178 177 177 177 178 177 179 179 179 179 179 180 180 180 180 180 180 180 181 181 181 181 181 181 181 181 181 181 181 182 182 182 182 182 182 182 182 182 182 182 182 182 183 183 183 183 183 183 183 183 183 183 183 184 184 184 184 184 184 184 186 187 187 187 187 187 187
176 176 176 176 176 176 176 176 176 176 176 176 176 177 177 180 179 179 179 179 179 179 179 180 179 180 179 179 179 177 177 177 177 180 179 180 180 180 180 180 180 180 180 180 180 181 181 181 181 181 181 181 181 181 181 182 181 182 182 182 182 182 182 182 182 182 182 182 183 183 183 183 183 183 183 183 183 183 183 183 184 184 184 184 184 184 184 184 187 187 187 189 189 188
177 176 176 176 176 176 176 176 176 176 176 176 176 176 176 176 176 176 177 177 177 177 179 179 180 180 180 180 179 179 178 178 179 179 180 180 180 180 180 180 180 180 180 180 180 181 181 181 181 181 181 181 181 181 181 181 181 182 182 182 182 182 182 182 182 182 182 182 182 183 183 183 183 183 183 183 183 183 183 183 186 184 184 184 184 184 184 184 187 190 190 190 190 190
178 178 176 176 176 176 176 176 176 176 176 176 176 176 176 176 176 176 176 176 177 177 177 178 178 178 179 180 179 178 178 178 180 178 180 179 180 180 180 180 180 180 180 180 181 181 181 181 181 181 181 181 181 181 181 181 182 182 182 182 182 182 182 182 182 182 182 182 183 183 183 183 183 183 183 183 183 183 183 183 184 184 184 184 184 184 184 184 185 185 186 188 186 187
178 177 177 176 176 177 176 176 176 176 176 176 176 177 177 177 176 176 176 176 177 177 177 177 177 178 178 178 178 178 178 178 178 179 180 180 180 180 179 180 180 180 180 180 181 181 181 181 181 181 181 181 181 181 181 181 181 182 182 182 182 182 182 182 182 182 182 183 183 183 183 183 183 183 183 183 183 183 183 185 184 185 184 185 184 184 184 184 184 184 184 186 184 185
178 178 177 177 177 178 178 178 176 177 176 176 177 176 177 177 177 176 176 176 178 177 177 177 178 178 178 178 178 178 178 178 178 179 180 179 179 179 180 180 180 180 180 179 180 181 181 181 181 181 181 181 181 181 181 181 182 182 182 182 182 182 182 182 182 182 182 182 182 183 183 183 183 183 183 183 183 183 183 184 185 185 185 185 185 184 184 184 184 185 184 184 184 185
178 178 178 178 178 179 179 179 179 177 177 177 177 179 179 177 177 176 176 178 178 178 178 178 178 178 178 178 178 178 178 178 178 179 179 179 179 179 179 180 179 179 180 180 181 181 181 181 181 181 181 181 181 181 181 181 182 182 182 182 182 182 182 182 182 182 182 182 182 183 184 183 184 184 183 184 184 183 183 184 184 185 185 185 185 185 185 185 185 185 185 185 185 186
176 177 177 177 177 177 179 178 178 178 177 177 177 177 177 177 177 177 177 178 178 178 178 178 178 178 178 178 178 178 178 178 178 178 179 179 179 179 179 179 179 180 180 181 181 181 181 181 181 181 181 181 181 181 181 181 182 182 182 182 182 182 183 183 183 183 183 183 184 184 184 184 184 184 184 184 184 184 184 184 184 184 185 185 185 185 185 185 185 185 185 185 185 186
176 177 177 177 177 178 177 177 177 177 177 177 177 177 178 177 179 178 179 178 178 178 178 178 178 178 178 178 178 178 178 178 178 178 178 179 179 179 179 179 180 180 180 181 181 181 181 181 181 181 181 181 181 181 182 181 182 182 182 183 183 183 183 183 183 183 183 183 183 184 184 184 184 184 184 184 184 184 184 184 184 184 185 185 185 185 185 185 185 185 185 185 185 185
177 177 177 177 177 177 177 177 177 177 177 177 177 177 177 178 178 178 177 177 178 178 178 178 178 178 178 178 178 178 178 178 178 178 179 179 179 179 179 179 179 179 179 180 181 181 181 181 181 181 182 182 182 181 182 183 183 183 183 183 183 183 183 183 183 183 183 183 183 184 184 184 184 184 184 184 184 184 184 184 184 185 185 185 185 185 185 185 185 185 185 185 185 185
176 176 177 177 177 177 177 177 177 177 177 177 177 177 177 177 178 177 177 177 178 178 178 178 178 178 178 178 178 178 178 178 178 179 178 179 179 179 179 179 180 180 179 180 181 181 182 182 182 182 182 182 182 182 182 182 183 183 183 183 183 183 183 183 183 183 183 183 183 183 184 184 184 184 184 184 184 184 184 184 184 184 185 185 185 185 185 185 185 185 185 185 185 185
176 176 176 177 177 177 177 177 177 177 177 177 177 177 177 177 178 177 177 177 177 178 178 178 178 178 178 178 178 178 178 178 178 179 179 179 179 179 179 179 179 179 179 180 181 182 182 182 182 182 182 182 182 182 181 181 182 183 183 183 183 183 183 183 183 183 183 183 183 183 184 184 184 184 184 184 184 184 184 184 184 185 184 184 185 185 185 185 185 185 185 185 185 185
176 177 177 176 176 176 177 177 177 177 177 177 177 177 177 177 177 177 177 178 178 178 178 178 178 178 178 178 178 178 178 178 178 179 179 179 179 179 179 179 179 179 179 179 182 182 182 184 182 182 182 182 182 182 182 182 182 183 183 183 183 183 183 183 183 183 183 183 183 183 184 184 184 184 184 184 184 184 184 184 184 184 184 184 185 185 185 185 185 185 185 185 185 185
177 177 176 176 176 177 177 177 177 177 177 177 177 177 177 177 177 177 177 177 177 177 177 178 178 178 178 178 178 178 178 178 178 178 179 179 179 179 179 179 179 180 179 180 180 182 182 182 182 182 182 182 182 182 182 182 183 183 183 183 183 183 183 183 183 183 183 183 183 183 183 183 184 184 184 184 184 184 184 184 184 184 184 184 185 185 186 185 185 185 185 185 185 185
176 177 176 176 175 175 177 177 177 177 177 177 177 177 177 176 177 177 177 177 177 178 178 178 178 178 178 178 178 178 178 178 178 178 179 181 181 179 180 179 180 180 180 180 180 180 182 182 182 182 182 182 182 182 182 182 182 183 183 183 183 183 183 183 183 183 183 183 183 183 183 183 184 184 184 184 184 184 184 184 184 185 184 184 184 185 185 185 185 185 185 185 185 185
175 175 176 177 177 177 177 177 177 177 177 177 176 176 176 177 177 177 178 178 178 178 178 178 178 178 178 178 178 178 178 178 178 179 180 181 180 179 179 180 180 180 180 180 180 181 181 181 182 181 182 182 183 183 183 183 182 182 183 183 183 183 183 183 183 183 183 183 183 184 184 184 184 184 184 184 184 184 184 184 184 184 184 184 185 185 185 185 185 185 185 185 185 185
177 177 177 177 177 177 176 177 177 176 176 176 176 177 176 177 177 177 177 176 176 177 177 178 178 178 178 178 178 178 178 178 178 180 178 179 179 179 180 179 180 180 180 180 180 181 181 181 181 181 182 182 182 183 183 183 183 183 183 183 183 183 183 183 183 183 183 186 186 184 184 184 184 184 184 184 184 184 184 184 184 185 185 185 185 185 185 185 185 185 185 185 185 185
178 177 175 175 175 175 175 175 176 179 177 179 178 176 176 176 176 176 176 176 176 176 176 176 176 178 178 177 177 178 178 180 178 178 178 178 179 180 180 180 180 180 180 180 180 180 181 181 181 181 182 182 182 183 185 184 183 183 183 183 183 183 183 183 183 183 183 183 185 186 185 185 184 184 184 184 184 184 184 184 184 184 185 185 185 185 185 185 185 185 185 185 185 185
175 177 175 175 175 175 175 175 175 175 175 176 176 176 176 176 176 176 176 176 176 176 176 176 177 177 177 177 178 178 178 178 178 178 178 180 180 180 180 180 180 180 180 180 180 180 181 181 181 184 184 184 184 184 184 184 184 183 183 183 183 184 184 184 183 183 183 184 185 185 184 186 186 187 185 186 184 184 185 185 184 184 185 185 185 185 185 185 185 185 185 185 185 185
175 175 175 175 175 175 175 175 175 175 175 175 176 176 176 176 176 176 176 176 176 176 176 176 177 177 178 178 178 178 178 178 179 179 179 181 180 180 180 180 180 180 180 180 180 180 180 180 182 182 184 184 185 185 185 185 183 183 183 184 184 186 186 186 185 185 184 185 185 185 185 186 186 186 186 186 185 185 185 185 186 186 186 186 186 185 186 185 185 185 186 186 185 185
173 173 173 174 174 175 175 175 175 175 175 175 175 175 175 176 176 176 176 176 176 176 176 176 177 177 177 178 177 178 178 179 179 179 179 180 180 180 180 180 180 180 180 180 180 180 182 182 183 184 183 185 185 185 184 184 184 186 186 186 186 186 186 185 186 185 185 185 185 186 186 186 187 187 186 185 185 186 187 186 187 186 186 186 186 186 186 185 185 186 185 186 186 186
175 173 173 173 173 173 173 173 175 175 175 175 175 175 176 176 176 176 176 176 176 176 176 176 177 177 177 178 178 179 179 179 179 179 179 180 180 180 180 180 180 180 180 180 180 183 183 183 183 185 185 185 184 184 184 187 187 188 188 187 186 186 186 186 186 185 186 186 186 186 188 188 186 186 187 186 187 188 188 187 187 186 186 186 186 186 186 186 186 186 187 187 188 188
175 175 175 175 175 173 174 174 173 174 174 175 175 175 176 175 176 176 176 176 176 176 176 176 177 177 177 177 178 178 178 179 179 179 179 180 180 180 180 180 180 180 180 180 183 183 183 184 184 185 185 184 184 185 184 188 188 189 189 188 186 186 186 186 186 186 187 187 186 189 189 188 187 188 186 186 187 188 187 187 185 185 186 186 186 186 187 187 188 188 188 190 190 191
173 173 173 173 173 173 173 173 174 174 174 175 175 175 175 174 176 176 176 176 176 176 176 176 176 177 177 177 177 178 178 178 179 179 179 179 180 180 180 180 180 183 183 183 183 183 185 183 186 184 188 185 184 184 184 187 188 188 189 188 187 186 187 187 186 186 187 187 189 189 189 190 189 188 187 187 188 187 187 186 187 187 186 186 186 186 187 187 187 187 187 187 188 190
172 172 172 172 173 173 173 173 174 174 174 174 174 175 174 174 176 176 176 176 176 176 176 176 176 177 178 178 178 178 178 178 178 179 179 179 180 180 180 180 183 183 183 185 185 185 185 186 188 186 185 184 185 184 185 187 187 187 189 189 188 187 187 187 187 187 187 187 189 191 191 191 189 189 188 189 188 187 187 188 188 187 187 187 187 187 186 186 186 187 187 188 188 188
171 171 172 172 173 173 173 173 174 174 174 174 174 174 174 174 176 176 176 176 176 176 176 176 178 179 179 178 178 178 178 178 178 178 178 179 179 180 180 180 180 183 185 186 185 185 185 186 186 186 186 186 186 187 187 187 188 189 190 189 188 187 188 187 187 189 190 190 190 192 192 192 188 188 190 190 188 188 189 190 190 188 187 187 187 187 187 186 187 187 187 188 190 190
171 171 172 172 172 173 173 173 173 173 173 173 174 174 174 175 175 175 176 176 176 176 176 179 181 180 180 180 179 179 178 178 178 178 178 178 178 180 180 180 180 186 186 186 183 183 185 186 186 187 188 188 188 187 187 188 188 190 191 190 190 190 190 189 189 190 192 192 192 189 189 189 189 190 190 188 188 188 190 190 189 188 188 187 188 188 187 186 186 189 189 191 191 191
171 171 171 171 171 172 173 173 174 173 173 174 174 174 174 175 175 175 176 176 176 177 179 182 182 179 179 179 179 180 179 179 180 178 178 178 178 178 180 180 180 180 180 180 183 186 186 188 189 189 189 188 188 188 188 188 188 190 190 192 191 192 190 190 192 192 195 195 192 192 190 189 189 191 189 188 189 191 192 191 190 189 188 188 188 188 187 187 186 188 190 191 193 194
171 171 171 171 171 171 172 171 173 174 174 174 174 174 174 174 175 175 176 176 177 179 182 182 182 182 181 181 180 179 179 181 183 180 180 180 180 180 180 180 180 180 180 181 185 186 186 183 186 186 188 189 189 190 190 190 190 191 191 193 192 191 190 193 192 191 190 190 189 189 190 192 192 191 191 190 189 191 193 193 191 190 188 188 188 188 187 187 186 187 188 190 192 192
171 171 171 171 171 171 171 173 174 174 174 174 174 174 174 174 174 175 176 176 178 180 182 182 185 182 182 181 179 183 182 183 180 181 181 180 180 180 180 180 180 180 180 181 181 182 186 187 186 187 189 189 189 189 190 190 190 190 190 191 193 194 192 191 190 190 190 190 190 192 193 193 193 192 191 189 189 191 192 193 192 190 190 188 188 188 189 188 187 187 188 190 190 190
171 171 171 171 171 171 171 171 174 174 174 174 174 174 174 174 175 175 176 177 178 181 182 184 185 183 182 181 179 179 179 180 181 181 181 181 181 181 180 180 180 180 181 181 181 183 186 186 186 187 189 189 187 189 189 190 190 189 189 191 193 192 190 190 191 190 192 193 192 193 192 191 190 189 189 189 190 195 195 192 191 190 188 189 188 188 190 190 188 188 186 186 186 186
169 171 171 171 171 171 171 171 173 173 174 174 174 174 174 174 177 177 177 177 177 179 181 182 182 182 181 180 179 181 181 181 181 179 181 181 178 178 178 180 180 181 181 181 181 182 182 182 183 183 183 185 187 185 186 187 187 189 190 191 193 193 193 195 195 193 193 193 190 190 190 190 190 192 191 193 192 195 195 192 191 189 191 188 188 191 190 188 188 188 188 186 187 187
171 171 171 171 171 171 171 171 171 173 173 173 174 174 175 177 177 178 177 180 178 178 182 183 184 182 181 184 184 181 181 178 178 178 181 178 178 178 179 181 181 181 182 181 182 183 183 185 184 186 183 185 185 189 189 189 190 190 192 192 193 196 194 193 191 190 190 190 190 195 193 192 193 195 195 195 195 194 195 191 190 188 188 188 188 188 188 188 188 188 188 188 189 188
170 171 171 171 171 171 171 172 173 172 173 173 173 174 174 177 180 180 181 180 179 181 181 183 182 184 185 184 182 180 178 178 181 181 178 178 178 179 179 181 181 181 184 182 182 188 189 189 186 189 189 188 185 185 186 187 189 190 193 193 194 193 193 193 193 193 193 193 193 195 193 193 195 196 195 195 191 191 190 189 188 189 188 188 188 188 189 188 187 188 188 190 190 190
170 170 171 171 171 171 171 171 171 172 173 173 173 174 174 174 175 177 177 177 178 181 184 184 184 184 184 178 180 178 180 181 181 178 178 178 178 180 186 186 184 184 187 188 184 184 188 189 189 189 191 189 185 185 190 190 189 193 194 195 193 193 193 193 196 195 196 195 196 193 193 196 196 195 195 193 192 191 190 190 190 191 190 190 188 188 188 186 187 188 190 191 190 191
169 169 169 170 171 171 171 171 171 172 174 174 174 174 174 174 175 176 177 178 182 185 185 184 183 182 181 180 179 178 178 178 178 178 178 178 181 187 188 189 184 186 190 189 187 186 185 188 189 195 189 186 185 192 195 195 192 192 194 195 193 195 194 196 196 194 196 193 190 190 190 193 193 190 190 189 189 188 188 188 189 188 188 190 190 188 188 188 191 191 192 196 194 193
169 169 169 170 170 170 172 172 172 173 174 176 174 174 176 176 176 177 180 181 183 185 182 181 181 178 178 178 178 178 176 178 178 178 178 184 184 183 189 190 189 191 190 192 188 189 187 192 195 195 189 189 185 188 193 195 195 196 197 196 193 195 196 196 192 193 190 190 189 190 190 189 190 189 189 189 190 190 189 189 188 188 187 188 186 186 186 191 191 191 191 193 193 193
169 169 169 170 170 171 172 173 172 173 174 177 174 174 177 177 177 180 177 177 180 183 180 177 177 176 177 178 178 176 176 178 178 178 182 187 189 190 192 192 191 190 192 192 195 190 187 192 195 195 192 188 187 187 196 192 194 196 192 191 188 193 191 191 190 190 192 193 190 190 193 190 190 190 190 189 189 189 188 188 189 187 186 187 187 188 188 188 188 188 191 194 196 193
169 169 170 170 170 172 173 172 172 172 173 176 177 176 177 180 180 179 177 176 176 176 176 176 176 176 176 176 176 176 176 177 178 179 180 180 184 181 181 181 185 183 189 194 193 195 191 191 195 195 192 192 189 188 188 191 193 195 192 191 188 188 188 190 190 188 190 190 188 188 190 190 190 190 190 189 189 189 189 189 186 186 191 191 189 189 188 188 191 191 197 197 198 194
169 171 171 170 170 172 173 174 173 173 173 176 176 177 177 177 179 177 177 179 176 176 176 176 176 176 176 176 176 176 187 184 184 181 181 181 181 184 184 183 182 184 184 184 187 195 192 195 195 195 195 192 187 188 186 188 191 192 191 188 191 190 188 188 188 188 188 188 188 188 188 188 188 187 187 187 187 187 187 187 191 194 191 190 191 190 189 188 195 197 198 199 197 195
