rasters/Cliped_Flanders_asc/FlandersBio12.asc
ncols        404
nrows        99
xllcorner    2.541666656550
yllcorner    50.683333250650
cellsize     0.008333333300
NODATA_value -9999
[rows 42 to 83 of 99, columns 188 to 281 of 404]
775 775 777 777 777 777 777 779 779 779 779 778 777 779 779 779 780 778 777 776 775 775 775 774 774 772 773 777 783 785 782 782 779 778 780 777 780 780 781 781 784 786 788 785 785 784 785 782 784 783 782 780 781 780 780 780 781 781 781 781 781 782 783 782 784 782 782 783 783 783 783 784 784 784 785 785 786 786 785 785 784 785 785 786 787 787 789 791 791 791 792 792 794 796
777 777 777 777 777 777 780 780 780 780 780 780 780 779 781 779 781 779 779 781 780 775 775 772 772 771 770 781 781 780 777 776 776 780 780 780 780 780 780 781 781 784 784 784 783 781 784 780 780 780 780 780 780 780 781 781 781 781 782 781 781 782 781 782 783 783 783 783 783 783 783 783 783 785 785 785 784 786 788 787 788 785 785 785 785 785 790 791 791 793 795 798 797 796
776 777 779 778 777 779 780 780 780 782 782 778 779 782 781 781 781 781 782 779 777 775 775 772 771 771 777 780 780 778 775 776 780 781 781 780 780 780 782 784 784 784 784 782 782 780 780 780 780 780 780 780 781 781 781 781 781 781 781 780 780 780 782 782 782 783 781 783 783 783 783 783 785 788 789 785 785 786 787 785 784 784 784 785 785 786 789 791 791 793 794 794 798 799
780 780 780 777 779 779 779 782 782 780 777 779 778 774 776 776 781 782 782 779 775 773 773 771 771 771 771 775 774 778 775 782 782 782 781 782 782 782 782 784 784 784 782 782 782 782 781 780 780 780 780 780 780 781 781 781 781 781 780 780 780 781 781 781 782 782 782 783 783 783 783 788 785 785 785 785 784 784 785 784 784 784 784 784 784 785 789 790 794 796 791 791 790 790
781 780 779 778 780 780 782 782 782 780 772 771 771 773 770 770 771 771 770 770 773 773 772 771 774 771 773 775 777 780 782 783 783 783 783 782 783 783 784 784 784 783 783 782 782 781 780 780 780 780 780 781 781 777 779 782 781 780 780 780 780 781 782 782 782 782 782 782 783 783 783 784 784 783 783 784 784 783 783 784 784 784 784 784 785 787 789 789 789 790 790 790 790 790
770 771 771 775 769 769 769 769 769 769 770 769 770 770 770 770 770 771 771 773 772 772 771 771 771 772 776 776 775 777 779 782 783 783 784 785 784 784 784 785 784 784 784 782 781 780 780 780 779 779 777 778 780 781 781 779 780 780 780 780 780 782 782 782 782 782 782 782 782 782 784 784 784 783 783 782 783 784 783 784 784 784 784 784 784 784 787 786 788 789 790 790 790 789
767 766 768 769 769 769 769 769 769 769 768 769 770 769 771 771 771 770 771 773 773 771 772 771 771 771 774 773 775 776 779 783 783 782 784 786 786 785 785 786 785 786 783 781 781 780 781 779 779 781 780 778 779 779 779 779 779 780 782 782 782 781 782 782 782 782 782 782 782 782 784 784 784 783 783 782 784 783 783 783 784 784 784 784 784 786 785 784 788 788 788 790 790 789
770 768 768 770 770 770 768 768 769 770 769 770 773 772 772 772 773 771 772 773 773 771 771 772 772 772 772 776 775 775 775 779 782 782 782 784 786 788 787 788 787 787 782 782 782 778 777 780 779 778 778 778 778 778 778 779 780 779 783 783 784 783 783 783 783 782 783 783 783 783 783 784 785 783 783 783 782 784 783 783 784 784 784 785 784 787 786 788 787 788 788 789 789 788
769 768 768 769 769 768 768 768 768 767 767 773 773 773 773 771 771 771 772 772 772 774 772 772 772 771 772 772 775 775 775 778 776 776 777 777 777 788 785 783 784 776 776 778 775 776 779 775 778 780 779 782 783 783 781 780 783 783 783 782 782 783 783 785 785 784 784 783 783 783 783 783 785 786 783 783 782 782 785 784 786 785 785 784 786 786 785 787 787 788 788 789 791 788
769 768 768 769 768 768 768 768 768 771 773 772 773 772 772 770 770 770 772 771 773 773 772 772 773 773 773 774 774 774 774 774 773 776 776 775 774 775 776 779 775 775 774 774 777 777 777 777 777 779 779 779 782 782 784 783 783 784 784 784 784 783 781 784 784 785 786 786 784 784 785 785 791 789 792 785 784 783 784 784 786 787 787 786 785 786 786 785 786 787 788 787 787 788
767 767 767 768 768 768 767 767 769 768 772 772 772 772 771 771 771 770 772 772 773 772 772 773 773 773 773 774 773 774 774 775 776 775 775 774 774 775 775 774 775 775 774 775 777 777 777 777 778 778 778 780 780 780 782 783 784 786 785 786 786 786 786 786 786 786 785 786 786 784 785 785 790 792 785 785 785 785 782 783 784 787 787 786 786 786 785 785 785 787 786 787 789 787
766 766 767 768 768 768 768 766 767 771 772 772 772 772 772 772 771 773 773 773 774 772 773 773 776 775 773 773 773 774 775 776 775 775 776 774 772 774 773 774 774 776 775 775 776 777 777 776 778 778 777 777 780 779 780 782 787 786 785 787 787 787 787 787 787 787 789 788 792 789 784 784 784 784 784 784 784 784 784 784 782 782 783 785 785 785 785 785 788 789 789 790 789 789
767 767 768 768 768 768 769 768 769 769 770 771 771 771 772 771 771 773 773 774 775 774 774 774 775 773 773 772 773 775 775 776 776 776 775 774 773 774 773 774 776 775 775 776 776 777 778 777 777 777 777 777 778 779 781 781 781 781 781 782 786 787 788 787 787 786 787 788 787 785 783 783 784 784 784 784 784 784 784 786 787 785 785 785 785 785 785 785 785 785 786 789 790 794
766 767 768 769 769 769 770 769 769 769 770 771 772 772 772 771 773 773 773 773 775 775 775 776 775 775 774 774 775 775 777 777 776 775 775 775 774 774 774 777 777 776 776 776 777 778 778 777 777 777 777 777 778 778 779 779 779 779 781 782 782 783 788 787 784 783 783 783 781 781 781 782 783 783 784 784 784 784 783 783 782 784 785 785 785 785 785 785 784 785 787 789 792 797
766 767 769 769 769 770 770 769 769 769 771 771 772 772 772 772 780 776 773 775 773 774 774 776 774 776 776 774 775 775 776 776 776 776 775 773 776 776 776 778 777 778 776 776 778 778 777 777 777 776 776 776 779 778 779 779 779 779 779 779 780 780 780 780 780 779 782 782 781 781 781 781 781 781 783 783 783 784 782 785 784 785 785 785 785 785 785 784 785 786 786 786 787 788
765 769 769 769 770 770 770 769 771 771 771 771 772 773 773 775 774 775 773 773 773 774 775 776 775 775 774 773 773 775 776 776 776 775 776 776 778 778 776 776 778 776 776 777 779 779 776 776 776 778 778 777 778 778 778 780 779 779 779 780 780 780 780 780 779 779 781 780 780 780 780 780 780 780 783 783 783 784 784 785 784 785 785 785 785 786 786 786 787 787 788 788 789 787
767 770 767 769 770 770 770 770 771 771 771 771 773 773 775 775 775 775 773 773 774 774 776 776 776 776 774 773 774 775 776 776 776 776 776 778 778 778 778 777 776 777 779 779 781 778 778 776 776 776 777 778 778 778 779 779 783 781 780 780 780 780 780 779 780 779 779 779 780 780 780 780 780 780 782 782 781 780 787 785 786 786 786 786 784 786 786 785 785 785 787 786 787 788
768 767 769 769 770 771 771 771 771 771 774 774 774 774 775 776 778 776 774 773 774 774 776 776 776 776 776 774 774 775 777 777 776 777 776 777 777 778 778 778 776 779 780 779 779 778 778 778 778 777 777 777 777 777 780 779 781 780 781 783 779 779 779 779 779 779 779 779 781 780 780 780 780 782 782 781 782 784 782 784 784 785 785 785 785 787 785 784 785 788 786 789 787 791
766 769 769 769 770 770 772 771 779 775 776 774 783 782 775 775 779 775 773 773 775 776 776 776 776 776 775 774 775 776 777 777 777 775 775 778 777 777 778 778 777 775 778 779 780 778 779 778 778 778 776 777 777 776 776 776 777 782 780 783 784 779 779 780 783 784 781 782 782 781 781 781 781 782 786 783 784 783 782 787 785 786 785 786 785 786 786 784 786 788 787 788 790 809
769 771 771 770 770 770 771 776 779 779 780 781 779 787 776 776 777 776 773 774 774 776 776 776 777 777 776 776 776 776 777 777 778 775 775 776 777 777 777 776 777 774 773 780 778 778 778 777 778 781 779 781 780 778 777 777 777 777 777 777 779 778 778 782 782 782 782 783 783 783 782 781 782 785 785 785 785 785 787 786 788 789 788 786 787 784 784 784 785 788 799 784 786 784
770 770 771 771 771 770 770 771 772 776 778 779 783 785 783 780 782 779 775 774 774 779 778 777 778 778 777 777 777 778 778 778 778 777 776 777 777 777 778 778 778 780 775 778 778 779 779 781 780 781 781 781 780 782 782 777 778 777 783 777 778 777 778 778 781 779 778 778 781 782 782 779 781 781 780 781 784 783 783 783 788 786 785 784 783 784 784 784 785 784 786 784 786 792
770 772 773 773 773 774 776 776 774 775 776 777 782 783 783 784 781 775 774 775 779 780 778 778 778 778 778 779 780 780 778 784 782 777 776 777 777 777 779 779 778 780 780 780 779 779 779 780 782 782 782 781 781 781 781 782 783 776 777 777 777 782 782 781 778 780 777 778 779 778 779 781 781 780 780 780 783 783 783 783 783 784 784 783 783 784 800 806 784 785 785 787 788 788
774 775 775 777 777 777 777 777 778 778 777 776 781 783 782 781 780 779 776 778 781 782 782 779 779 779 780 780 780 780 780 780 778 778 778 777 777 778 778 778 778 779 779 778 779 777 779 779 779 779 781 781 782 781 782 783 783 783 782 778 779 778 779 781 781 780 778 778 781 780 781 781 781 780 779 783 783 783 783 783 784 785 784 786 794 801 803 804 804 797 790 789 799 789
775 776 778 777 783 779 779 778 779 779 784 783 782 781 780 780 780 780 782 780 781 783 782 783 780 782 781 781 781 787 781 781 780 777 778 778 779 778 778 777 777 778 776 777 777 778 779 779 779 780 781 780 781 781 781 781 781 781 782 782 781 779 780 779 781 780 780 777 777 778 780 780 780 781 781 784 803 798 791 784 787 784 784 786 791 800 800 803 803 802 802 810 803 813
782 785 784 788 791 784 785 789 788 784 782 782 781 781 781 780 780 781 785 786 784 783 783 783 784 786 786 787 790 789 790 784 784 781 779 780 779 778 778 776 776 777 776 777 777 777 778 779 781 781 780 780 780 780 781 780 780 783 781 782 782 784 782 781 780 780 781 779 779 779 778 780 781 782 781 783 783 783 786 786 803 802 803 801 800 804 798 799 793 809 811 802 802 791
781 782 787 794 791 789 791 788 787 790 785 784 783 781 781 781 783 785 790 789 794 791 791 791 792 797 797 796 793 791 791 789 784 783 780 778 781 778 779 779 777 777 778 777 777 778 780 781 781 781 781 780 780 780 780 780 780 780 781 781 781 779 781 781 781 781 781 779 780 780 778 780 782 782 783 783 783 783 783 782 785 786 797 785 785 787 788 788 799 802 806 802 813 788
776 779 783 784 788 796 796 794 795 789 788 788 786 788 792 794 791 798 806 799 795 794 791 794 803 802 797 793 790 787 786 783 783 783 784 782 778 778 778 778 779 780 779 780 778 780 779 780 781 782 781 781 781 781 780 780 780 781 781 781 781 781 782 781 781 781 781 779 780 781 782 781 782 781 781 783 783 782 782 782 784 784 783 783 785 787 788 794 789 789 789 789 793 794
781 785 781 783 787 801 808 801 797 792 800 796 793 792 790 790 803 802 802 799 802 807 802 806 796 793 790 788 787 783 789 789 789 795 790 783 778 780 780 780 780 780 781 780 779 781 780 780 781 782 782 782 782 782 781 780 783 781 781 781 782 781 782 781 781 781 781 780 781 783 783 782 780 782 782 782 782 782 782 782 784 784 786 783 786 797 790 789 790 790 794 796 798 797
785 785 785 787 791 792 808 808 808 808 805 799 793 792 790 791 793 792 802 799 797 793 793 793 792 794 793 787 789 795 803 795 791 794 786 794 788 778 779 778 779 782 781 784 782 782 783 782 783 782 783 784 784 784 786 784 780 782 781 782 782 784 783 782 782 781 782 782 782 783 783 783 781 782 783 782 782 786 784 783 784 786 794 796 792 798 800 800 791 796 807 813 817 817
798 794 793 791 794 793 792 793 799 803 808 804 801 795 794 791 794 801 805 800 799 799 795 794 792 789 790 791 799 796 794 794 795 793 795 793 777 778 778 786 788 787 783 786 787 787 789 790 787 787 787 789 788 788 788 787 784 784 783 785 785 786 786 789 784 784 784 784 784 784 784 783 781 783 782 814 806 808 810 813 799 798 797 794 798 805 804 802 795 807 798 810 811 810
791 791 798 793 790 790 785 786 794 805 805 807 805 800 795 795 797 799 803 805 801 798 791 792 795 794 801 803 801 798 798 801 798 804 792 779 777 779 786 787 787 788 788 787 787 790 791 791 791 788 791 790 792 791 789 789 789 785 785 785 786 786 786 786 787 788 789 787 786 785 783 782 782 782 784 794 799 803 806 806 813 811 807 800 805 813 810 802 796 796 798 798 806 800
778 786 786 782 779 780 788 808 799 794 789 805 804 805 805 805 803 803 806 802 798 797 799 797 800 806 801 803 803 801 801 790 785 792 783 779 779 787 782 786 790 789 792 791 793 794 792 791 797 797 801 798 794 794 790 789 789 788 787 789 788 788 790 792 789 789 814 801 807 797 793 781 782 782 783 783 795 806 792 790 804 811 809 808 805 804 797 796 796 798 806 810 810 808
772 772 773 775 776 778 787 788 785 781 785 789 789 793 793 805 807 806 805 799 797 798 807 809 800 801 794 787 787 800 796 785 780 777 779 779 786 788 796 795 788 793 786 793 796 796 800 803 802 801 796 794 795 794 790 791 791 790 788 790 804 805 806 809 816 809 803 802 805 798 789 783 783 783 784 784 787 788 792 792 797 810 808 806 800 813 815 803 802 806 818 816 810 813
775 777 781 777 778 777 779 779 779 782 789 789 792 793 795 801 808 798 795 790 790 790 786 787 789 785 786 787 787 784 779 778 778 778 786 790 799 798 798 796 794 798 789 793 793 796 798 801 799 800 795 795 800 795 795 795 793 794 795 803 817 817 816 810 809 806 802 804 793 785 782 792 788 791 791 791 792 817 812 817 821 821 820 821 821 821 815 806 805 800 804 815 817 818
782 779 779 782 779 779 779 779 779 779 780 785 788 787 787 795 796 796 796 795 792 788 796 800 799 794 793 790 783 779 779 780 789 793 798 799 802 800 800 799 796 790 798 803 804 804 802 804 802 808 814 815 814 807 807 795 803 814 814 815 817 816 796 794 795 800 795 795 789 784 783 792 793 793 795 805 809 823 817 820 821 821 821 821 820 816 812 806 809 806 806 817 813 808
785 785 792 783 780 781 780 788 789 788 781 787 785 789 788 790 789 790 797 796 788 795 802 797 793 790 790 784 781 780 783 793 790 798 800 803 807 805 805 803 798 792 794 796 794 797 801 801 800 804 804 804 823 823 820 819 816 797 803 802 796 793 791 789 790 795 785 785 783 788 783 790 784 789 790 791 791 794 795 796 796 798 796 805 801 804 807 810 806 807 818 817 813 807
792 790 785 781 790 784 788 792 790 789 789 787 788 789 796 796 793 797 800 801 808 804 806 797 791 789 783 783 781 784 784 796 793 807 805 808 811 808 806 802 794 806 808 802 801 802 804 804 805 808 811 814 819 813 803 799 798 807 793 793 794 802 802 800 795 787 784 781 793 793 793 796 795 796 797 793 790 796 792 792 796 796 799 799 799 813 819 818 807 804 803 804 805 802
785 785 781 793 792 785 792 791 796 790 789 790 790 790 801 808 810 808 811 806 804 799 793 791 791 788 782 782 783 785 800 801 799 807 813 815 809 802 796 792 801 805 808 807 805 803 802 805 804 804 809 816 815 812 807 807 797 799 798 801 800 804 802 794 784 781 780 792 801 801 795 800 797 797 801 801 797 795 793 800 802 799 800 805 806 808 806 804 803 804 802 798 796 796
786 790 786 802 793 792 798 804 803 801 805 809 801 806 794 801 808 798 794 794 792 791 788 786 785 781 781 781 782 805 812 807 801 800 806 816 815 805 798 795 805 808 804 813 809 804 809 811 814 813 813 807 812 799 799 798 799 799 814 815 807 800 799 788 781 781 792 800 809 810 807 802 803 801 805 801 802 794 796 802 806 807 802 806 806 804 803 803 803 801 796 801 800 800
795 805 810 806 802 803 813 813 809 805 802 798 790 788 788 788 787 785 781 781 791 792 783 783 780 781 781 781 798 806 811 805 805 806 812 813 810 810 806 804 800 809 810 820 818 823 818 809 817 813 815 808 803 802 812 804 813 808 815 807 809 808 799 782 781 795 801 807 807 807 798 801 815 809 809 807 798 797 805 804 813 821 815 811 806 807 804 806 804 804 805 805 810 806
790 801 808 806 803 803 803 800 796 792 790 789 789 795 793 794 793 790 790 789 782 786 785 781 781 781 788 821 814 810 815 817 814 818 817 815 816 812 796 809 816 813 829 830 830 821 812 808 808 811 811 807 805 815 819 815 807 804 800 800 810 810 797 786 781 784 804 799 798 806 804 802 800 803 809 808 802 806 806 811 808 807 807 806 807 806 810 813 813 814 810 813 816 810
791 795 802 805 793 792 792 797 796 800 800 799 800 799 795 792 789 793 790 786 792 782 782 782 782 783 808 819 821 821 824 820 818 821 813 812 806 800 797 806 806 825 824 821 826 820 815 812 815 820 821 813 818 818 812 811 809 812 810 799 785 791 783 782 783 797 808 808 808 808 807 817 817 821 821 823 826 808 806 815 809 808 807 808 806 811 814 814 811 813 815 814 813 808
