rasters/Cliped_Flanders_asc/FlandersBio17.asc
ncols        404
nrows        99
xllcorner    2.541666656550
yllcorner    50.683333250650
cellsize     0.008333333300
NODATA_value -9999
[rows 42 to 83 of 99, columns 94 to 187 of 404]
144 144 144 144 144 145 145 145 145 145 145 146 147 148 148 149 149 147 149 149 149 147 147 147 147 147 147 147 147 148 148 149 149 149 149 149 150 150 150 150 150 150 150 150 152 152 152 152 152 152 153 153 153 154 153 154 154 155 155 155 155 155 155 155 155 156 156 156 156 156 156 156 157 157 157 157 158 158 159 159 159 159 159 159 159 160 160 160 160 163 163 163 163 163
144 144 144 144 145 145 145 145 145 145 145 146 146 146 147 149 149 149 149 149 147 147 147 147 147 147 147 147 148 148 148 149 149 149 149 150 150 150 150 151 150 151 151 152 152 152 152 152 152 152 153 153 153 154 154 154 155 155 155 155 155 155 155 155 156 156 156 156 158 156 156 157 157 157 158 158 158 158 159 159 159 159 159 159 159 160 160 160 160 160 163 163 163 164
144 144 144 144 145 145 145 145 145 145 145 147 147 146 146 149 148 149 149 149 147 149 149 147 147 148 147 148 148 149 149 149 149 149 149 150 150 150 151 151 151 151 152 152 152 152 152 152 152 153 153 153 153 154 154 154 155 155 155 155 155 155 155 156 156 156 156 156 156 156 156 157 157 158 158 158 158 158 159 159 159 159 159 159 160 160 160 161 161 163 163 163 163 163
144 144 144 145 145 145 145 145 145 145 145 146 146 146 146 149 149 149 149 149 149 149 149 150 150 150 150 150 150 149 149 149 149 150 149 151 151 151 151 151 151 152 152 152 152 152 152 152 152 153 153 153 153 154 154 155 155 155 155 155 155 155 155 156 156 156 156 156 156 157 157 157 157 158 158 158 158 159 159 159 159 159 159 159 160 160 160 160 163 163 163 164 164 164
144 144 144 145 145 145 145 145 145 145 145 146 146 146 146 146 146 146 146 147 147 147 148 149 150 150 150 150 150 150 150 150 150 150 151 151 151 151 151 151 151 152 152 152 152 152 152 152 153 153 154 154 154 154 154 155 155 155 155 155 155 155 156 156 156 156 156 156 156 157 157 158 158 158 158 158 159 159 159 159 160 159 159 160 160 160 160 160 163 165 166 166 165 166
146 146 145 145 145 145 145 145 145 145 145 146 146 146 146 146 146 146 146 147 147 147 147 149 149 149 150 150 150 150 150 150 150 150 151 151 151 151 151 151 151 152 152 152 152 152 152 153 153 154 154 154 154 154 155 155 155 155 155 155 155 155 156 156 156 156 156 156 156 158 158 158 158 158 158 158 159 159 159 159 159 159 159 160 160 160 160 160 161 161 163 164 163 163
146 146 146 145 145 146 145 145 145 145 146 146 146 147 147 147 146 146 147 147 147 147 147 147 147 149 150 150 150 150 150 150 150 151 151 151 151 151 151 151 152 152 152 152 152 152 152 153 154 154 154 154 154 154 155 155 155 155 155 155 155 156 156 156 156 156 156 157 158 158 158 158 158 158 158 158 159 159 159 160 159 160 159 161 160 160 160 160 160 160 160 163 161 162
146 146 146 146 146 146 148 148 145 147 146 146 147 146 147 147 147 146 147 147 148 147 147 147 148 150 150 150 150 150 150 150 150 151 151 151 151 151 151 152 152 152 152 152 152 152 152 153 154 154 154 154 154 154 155 155 155 155 155 155 156 156 156 156 156 156 156 156 158 158 158 158 158 158 158 158 159 159 159 160 160 160 161 161 161 160 160 160 160 162 162 162 162 162
147 146 147 146 148 148 148 148 148 147 147 147 147 148 149 149 147 147 147 148 148 148 148 149 150 150 150 150 150 150 150 150 151 151 151 151 151 151 151 152 152 152 152 152 152 152 154 154 154 154 154 154 154 155 155 155 155 155 155 155 156 156 156 156 156 156 157 157 158 158 159 158 159 159 158 160 160 159 159 160 160 160 161 161 161 161 161 161 161 162 163 163 163 163
146 146 146 146 146 146 148 148 148 148 148 148 148 147 149 149 148 148 148 149 149 148 149 149 150 150 150 150 150 150 150 150 151 151 151 151 151 151 151 152 152 152 152 152 153 154 154 154 154 154 154 154 155 155 155 155 155 155 155 155 156 156 157 157 157 157 158 159 159 159 159 159 159 159 160 160 160 160 160 160 160 160 161 161 161 161 162 162 162 163 163 163 163 163
146 146 146 146 146 148 147 147 148 147 148 147 147 148 149 149 149 149 149 149 149 149 149 150 150 150 150 150 150 150 150 150 151 151 151 151 151 151 151 152 152 152 152 153 154 154 154 154 154 154 154 154 155 155 156 155 155 155 155 157 157 157 157 157 158 158 159 159 159 159 159 159 159 159 160 160 160 160 160 160 160 160 161 161 161 162 162 162 162 163 163 163 163 163
146 146 146 146 146 146 146 147 147 147 147 147 148 147 148 149 149 149 149 149 149 149 149 150 150 150 150 150 150 150 151 151 151 151 151 151 151 151 152 152 152 152 152 153 154 154 154 154 154 154 155 156 156 155 156 156 156 156 156 157 157 157 157 157 158 158 159 159 159 159 159 159 159 159 160 160 160 160 160 160 160 161 161 161 162 162 162 162 162 163 163 163 163 163
146 146 146 146 146 146 147 147 147 147 147 147 147 147 148 149 149 149 149 149 149 149 149 150 150 150 150 150 150 150 151 151 151 151 151 151 151 151 152 152 152 152 152 153 154 154 155 155 155 155 156 156 156 156 156 156 156 156 157 157 157 157 157 158 158 158 159 159 159 159 159 159 159 160 160 160 160 160 160 160 160 161 161 162 162 162 162 162 162 163 163 163 163 163
146 146 146 146 146 147 147 147 147 147 147 147 147 147 148 149 149 149 149 149 149 149 150 150 150 150 150 150 150 150 151 151 151 151 151 151 152 152 152 152 152 152 152 154 154 155 155 155 155 155 156 156 156 156 155 155 156 156 157 157 157 157 158 158 158 158 159 159 159 159 159 159 159 160 160 160 160 160 160 160 160 162 161 161 162 162 162 162 162 163 163 163 163 163
146 146 146 146 146 146 147 147 147 147 147 147 147 147 148 148 149 149 149 149 149 150 150 150 150 150 150 150 150 151 151 151 151 151 151 151 152 152 152 152 152 152 152 153 155 155 155 156 155 156 156 156 156 156 156 156 156 156 157 157 157 157 158 158 158 159 159 159 159 159 159 159 159 160 160 160 160 160 160 160 160 161 162 162 162 162 162 162 162 163 163 163 163 163
146 146 146 146 146 147 147 147 147 147 147 147 149 149 148 148 148 149 149 149 149 149 150 150 150 150 150 150 151 151 151 151 151 151 151 151 151 152 152 152 153 154 153 155 155 155 155 155 155 155 156 156 156 156 156 156 157 157 157 157 157 157 158 158 158 159 159 159 159 159 159 159 159 160 160 160 160 161 160 160 161 161 162 162 162 162 163 163 163 163 163 163 163 163
146 147 146 147 147 147 147 147 147 148 149 149 149 149 148 148 149 149 149 149 149 150 150 150 150 150 150 150 151 151 151 151 151 151 151 154 154 152 154 153 154 154 155 155 155 155 155 155 156 156 156 156 156 156 156 156 156 157 157 157 157 158 158 158 159 159 159 159 159 159 159 159 159 160 160 160 160 160 160 162 162 162 162 162 162 162 162 163 163 163 163 163 163 163
146 146 147 147 148 148 148 149 149 149 147 147 147 148 148 149 149 149 150 150 150 150 150 150 150 150 150 151 151 151 151 151 151 151 154 154 153 152 152 154 154 154 154 155 155 155 155 155 155 156 156 156 157 157 156 158 157 157 157 158 158 158 158 158 159 159 159 159 159 159 159 160 160 160 160 160 161 160 160 160 162 162 162 162 162 162 162 163 163 163 163 163 163 163
148 148 148 148 148 148 147 148 149 147 147 147 148 149 149 149 149 149 149 149 149 150 150 150 150 150 150 150 151 151 151 151 151 153 151 152 152 152 153 152 154 154 155 155 155 155 155 155 155 156 156 156 156 157 158 158 158 158 158 158 158 158 158 158 159 159 159 161 161 160 160 160 160 160 160 160 161 162 162 161 162 162 162 162 162 162 162 163 163 163 163 163 163 163
149 148 147 147 147 147 147 147 147 150 149 150 149 148 148 148 149 149 149 149 150 150 150 150 150 150 150 150 150 151 151 152 151 151 151 152 152 153 154 154 154 154 155 155 155 155 155 155 155 156 156 156 156 158 159 159 158 158 158 158 158 158 158 159 159 159 159 159 161 162 161 161 161 161 161 161 161 161 162 162 162 162 162 162 162 162 163 163 163 163 163 163 163 163
147 148 147 147 147 147 147 147 147 147 147 147 147 148 148 148 148 149 149 149 150 150 150 150 150 150 150 150 151 151 151 151 151 151 152 153 153 154 154 154 154 155 155 155 155 155 155 155 155 158 158 159 159 159 159 159 159 158 158 158 158 160 160 160 159 159 159 159 161 161 160 162 162 163 162 163 161 162 163 163 162 162 162 162 162 163 163 163 163 163 163 163 163 164
146 147 147 147 147 147 147 147 147 147 147 147 148 148 149 148 149 149 149 149 149 150 150 150 150 150 151 151 151 151 151 151 152 152 153 154 153 154 154 154 155 155 155 155 155 155 155 155 156 156 159 159 159 159 159 159 158 158 158 159 160 160 160 160 160 160 160 161 161 162 162 162 163 163 163 163 163 163 163 163 163 163 163 163 163 163 164 163 163 163 164 165 164 165
145 145 145 146 146 147 147 147 147 147 147 147 148 148 148 148 149 148 149 149 150 150 150 150 150 150 151 151 151 151 151 152 152 153 153 153 154 154 154 154 155 155 155 155 155 155 156 156 158 158 158 159 159 159 159 159 159 161 161 161 161 161 161 160 160 160 160 162 162 162 162 162 163 163 163 163 163 163 163 163 163 163 163 163 164 164 164 163 163 164 163 165 165 166
146 145 145 146 146 146 146 146 147 147 147 148 148 148 148 149 148 148 149 150 150 150 150 150 150 150 151 151 151 152 152 152 153 153 153 154 154 154 154 154 154 155 155 155 155 157 157 158 158 159 159 159 159 159 159 162 162 162 163 163 161 161 161 162 162 162 162 162 162 162 164 164 163 163 163 163 163 166 166 165 163 163 163 163 164 164 164 164 164 165 165 166 166 166
146 147 147 147 147 146 147 147 146 147 147 148 148 148 148 148 148 149 149 150 150 150 150 150 150 150 151 151 152 152 152 152 153 153 153 154 154 154 154 154 155 155 155 155 157 158 158 159 159 159 159 159 159 159 159 162 163 163 163 163 161 161 161 162 162 162 163 163 162 165 164 164 163 164 163 163 163 166 165 163 163 163 163 163 164 164 165 165 166 166 166 167 167 169
145 145 145 146 146 146 146 146 147 147 147 148 148 148 148 148 148 149 149 150 150 150 150 150 150 151 151 151 151 152 152 152 153 153 153 154 154 154 154 154 155 158 158 158 158 158 159 158 160 159 162 159 159 159 159 162 163 163 163 163 163 161 163 163 162 162 163 163 165 165 165 166 165 164 163 163 165 163 163 163 163 163 163 164 164 164 165 165 166 166 165 166 166 169
145 145 145 145 146 146 146 146 147 147 148 148 148 148 148 148 149 149 150 150 150 150 150 150 150 151 152 152 152 152 152 152 153 153 153 154 154 154 154 155 156 158 158 158 159 159 159 160 162 160 159 159 159 159 160 162 162 162 163 163 163 163 163 163 163 163 163 163 165 167 167 167 166 165 164 166 166 163 163 166 166 165 165 165 165 165 165 165 165 166 166 166 166 166
145 145 146 146 146 146 146 146 147 147 148 148 148 148 148 148 149 149 150 150 150 150 150 150 152 152 152 152 152 152 152 152 153 153 153 154 154 154 154 155 155 158 158 160 159 159 159 160 161 162 160 162 161 162 162 162 163 163 165 163 163 163 163 163 163 165 166 166 166 167 167 167 165 165 166 166 166 165 166 166 166 166 165 165 165 165 165 165 165 166 166 166 169 169
145 145 145 146 146 146 146 146 146 146 146 146 148 148 149 149 149 149 150 150 150 150 150 153 155 154 154 154 154 152 152 153 153 153 154 154 154 154 154 155 155 159 160 160 158 159 159 160 162 162 162 162 162 162 162 163 163 165 166 166 166 166 166 164 165 166 166 167 167 165 165 165 165 166 166 165 166 166 166 166 166 166 166 165 166 166 165 165 165 167 167 169 169 169
145 145 145 146 146 146 146 146 147 146 146 148 148 148 149 149 149 150 150 150 150 151 153 155 155 154 153 152 154 154 154 154 154 154 154 154 154 154 155 155 155 155 155 155 158 160 161 162 163 163 163 162 162 163 163 163 163 164 166 166 166 166 166 166 166 167 170 170 168 167 167 165 166 167 166 165 166 167 169 168 167 166 166 166 166 166 165 165 165 167 168 169 172 172
145 145 145 146 146 146 146 146 146 147 147 148 148 148 148 149 149 150 150 150 151 153 155 155 155 155 155 155 154 154 154 156 156 154 154 154 154 155 155 155 155 155 155 156 160 160 161 159 160 162 162 164 164 164 164 164 165 166 166 167 166 166 166 168 166 166 166 166 165 165 166 167 167 167 167 167 166 169 169 169 169 167 166 166 166 166 165 165 165 165 167 169 170 170
145 145 146 145 146 146 146 146 147 147 148 148 148 148 148 149 149 150 150 150 152 154 156 156 158 155 155 155 154 157 157 157 154 155 156 155 155 155 155 155 155 155 155 157 157 158 160 162 162 162 163 164 164 164 164 165 165 165 166 166 168 169 167 166 166 166 166 166 167 167 170 170 170 169 167 166 166 167 169 169 169 167 167 166 166 166 167 166 165 165 167 169 169 169
145 145 146 146 146 146 146 146 147 147 148 148 148 148 148 149 150 150 150 151 152 155 156 158 158 157 155 155 154 154 154 154 156 156 156 156 156 156 155 155 155 155 156 157 157 159 160 162 162 162 163 163 162 164 164 165 166 164 164 166 167 166 166 166 166 166 167 169 167 169 167 167 167 166 166 166 167 170 171 169 168 166 166 167 166 167 167 168 167 167 165 165 166 166
145 145 146 146 146 146 146 146 147 148 148 148 148 148 149 149 151 151 151 151 152 153 155 157 156 155 155 155 154 155 155 155 155 154 156 156 154 154 155 155 155 156 156 157 158 158 158 158 159 159 159 162 162 162 162 163 163 164 166 166 168 168 168 169 169 169 169 169 167 167 167 167 167 168 167 170 169 171 172 169 167 166 169 166 167 169 168 167 167 166 167 165 166 166
145 145 146 146 146 146 146 146 146 148 148 148 148 148 150 151 151 152 152 154 153 153 155 158 158 155 155 158 158 156 155 154 154 154 156 154 154 155 155 156 156 156 158 158 158 159 159 160 160 162 159 160 161 164 165 165 165 165 167 167 169 170 169 169 167 167 167 167 167 170 170 168 170 170 170 172 172 170 171 169 167 166 166 166 166 166 167 168 166 166 166 168 168 168
145 145 146 146 146 146 146 147 147 148 148 148 148 148 149 151 154 154 155 154 153 155 155 158 157 158 158 158 157 155 154 154 155 156 154 154 154 155 155 156 157 157 159 158 158 163 164 165 162 163 164 163 160 162 162 163 165 166 167 169 169 169 169 169 168 169 169 169 169 170 170 170 170 173 172 170 169 168 167 166 166 166 166 166 167 167 168 166 166 166 168 168 169 169
145 145 146 146 146 146 146 146 146 147 148 148 148 148 149 150 150 151 152 152 153 155 158 158 158 158 158 154 155 154 155 155 156 154 154 154 155 156 160 161 159 159 162 163 160 160 163 165 164 165 166 165 162 162 165 166 165 169 169 170 169 169 169 169 171 170 171 170 171 170 170 172 173 170 170 170 169 168 168 168 167 169 167 169 168 168 166 166 166 168 168 170 169 170
145 145 145 146 146 146 146 146 146 148 149 149 149 149 150 150 150 151 152 153 155 158 158 158 158 156 155 155 155 154 154 153 154 154 154 154 156 162 162 163 160 161 165 163 163 161 160 163 165 169 165 162 162 167 170 170 167 167 169 170 169 170 169 171 171 169 171 169 167 166 167 169 170 167 167 167 167 166 166 166 167 166 166 169 169 168 166 166 169 169 170 174 173 172
145 145 146 146 146 146 147 148 148 148 149 151 150 149 151 151 151 152 155 155 157 158 156 155 155 153 153 154 154 154 153 154 154 154 154 159 159 159 163 164 163 165 165 166 163 163 163 166 169 169 165 165 162 164 167 170 170 170 171 170 169 170 171 171 168 169 167 167 166 166 167 166 167 166 166 167 167 167 167 167 166 166 166 166 166 166 166 169 169 169 170 171 171 171
145 145 146 146 146 146 147 148 148 148 149 151 150 150 151 151 152 154 152 152 155 158 155 152 152 152 152 154 154 152 153 154 154 154 159 162 163 164 165 166 165 165 166 166 169 166 163 167 169 169 167 164 163 163 170 167 170 170 167 167 166 169 167 168 166 166 169 170 167 167 169 168 167 167 168 167 167 167 166 166 167 166 166 166 166 166 166 166 168 168 169 172 174 171
145 146 146 146 146 147 148 148 148 148 148 151 151 151 151 154 155 154 153 152 152 152 152 152 152 152 152 152 152 152 153 154 154 155 156 156 159 156 156 158 160 159 163 168 168 169 166 166 169 169 167 167 165 164 164 166 169 170 167 167 166 166 165 166 166 166 166 166 166 166 167 167 167 167 167 167 167 167 167 167 165 165 169 169 168 169 168 166 169 169 175 175 175 172
146 146 146 146 146 147 149 149 149 148 149 151 151 151 152 153 154 152 153 154 152 152 152 152 152 152 152 152 152 152 161 159 159 157 156 157 156 160 159 159 159 160 160 160 163 169 166 169 170 169 170 167 163 164 163 164 167 167 167 166 167 166 166 166 166 166 166 166 166 166 166 166 166 165 165 165 165 165 165 166 169 172 169 169 169 169 169 168 172 175 176 176 175 173
