rasters/Cliped_Flanders_asc/FlandersBio12.asc
ncols        404
nrows        99
xllcorner    2.541666656550
yllcorner    50.683333250650
cellsize     0.008333333300
NODATA_value -9999
[rows 42 to 83 of 99, columns 94 to 187 of 404]
737 737 738 738 738 739 740 739 738 739 739 740 744 745 748 749 749 744 746 746 746 742 741 741 741 741 740 740 740 742 742 746 746 746 746 745 746 746 746 746 746 746 746 745 747 753 752 750 751 750 752 752 752 753 752 753 754 758 757 757 757 757 755 756 755 757 757 757 757 757 759 759 761 761 761 761 761 760 761 761 762 763 763 763 763 765 765 765 765 775 773 773 773 774
735 735 737 737 737 736 736 736 736 737 738 742 742 741 744 749 749 753 747 746 742 741 741 741 741 741 741 740 742 742 741 744 745 746 746 746 746 746 746 747 746 747 746 747 747 750 750 750 751 750 752 752 752 753 753 753 757 756 756 756 756 755 755 755 756 763 756 757 763 759 759 761 761 761 762 761 761 761 761 762 763 763 763 763 764 765 765 765 769 769 772 774 775 777
735 735 735 735 735 735 735 735 735 735 737 742 743 740 741 747 744 746 745 744 741 743 749 741 741 742 741 742 741 743 744 745 743 745 745 746 746 746 747 747 747 746 749 749 749 750 750 750 751 752 752 752 752 753 753 753 757 756 756 755 755 755 755 756 756 756 756 757 757 758 759 760 760 762 761 761 760 760 762 762 763 763 764 764 765 765 765 768 770 772 771 772 772 773
736 735 735 735 735 735 735 735 735 735 735 739 739 740 740 749 745 746 744 744 743 743 746 748 746 747 746 746 746 744 744 744 743 746 745 747 747 747 747 746 746 749 749 749 749 750 750 751 750 752 752 752 751 755 755 757 755 756 755 755 755 755 755 756 756 756 757 757 759 760 760 760 760 760 760 760 759 761 761 762 763 764 764 764 765 765 766 766 774 775 775 780 780 776
737 735 734 735 735 735 735 734 735 736 737 738 739 739 739 739 738 738 739 740 740 740 742 743 748 747 747 747 746 746 745 745 745 745 747 747 747 746 746 746 747 749 749 749 749 750 750 751 752 752 753 753 755 755 754 755 755 756 755 755 755 755 756 756 757 757 758 758 758 760 760 761 761 760 760 760 762 762 761 761 767 764 764 765 765 765 765 765 774 781 784 782 781 784
740 739 736 735 735 735 734 734 734 736 736 737 737 738 737 737 737 737 737 738 739 739 739 742 743 744 746 747 746 745 745 744 746 743 747 745 746 746 746 747 748 749 749 749 750 751 751 752 752 753 753 753 755 755 755 755 756 755 755 755 755 755 756 757 757 758 758 758 759 761 761 761 760 760 760 761 761 761 761 762 763 763 763 764 763 763 764 765 766 766 769 777 770 772
738 737 737 734 735 737 736 736 736 736 737 737 737 739 739 739 737 737 738 738 739 739 739 739 740 743 744 744 744 744 743 742 742 744 746 747 746 746 746 748 749 749 749 749 750 751 751 751 753 754 753 755 755 755 756 755 754 755 755 755 755 756 756 757 758 758 758 760 761 761 761 760 760 760 761 761 762 762 762 764 763 764 763 765 763 764 764 764 764 764 764 770 765 768
742 742 737 737 737 740 744 742 736 738 737 738 739 737 739 738 738 737 738 738 740 739 739 740 742 744 744 744 743 743 742 742 742 744 745 744 744 746 747 749 749 748 749 747 749 750 750 751 753 755 755 755 755 754 755 754 755 755 755 755 756 757 757 758 758 758 758 758 760 761 760 760 760 760 761 761 761 762 762 763 764 764 765 764 765 764 764 764 764 766 767 767 767 768
743 741 742 741 744 746 746 748 743 739 739 739 739 742 743 740 738 738 738 740 740 740 742 743 744 744 743 742 742 742 742 742 743 744 744 745 746 746 746 748 747 747 748 748 750 750 753 753 755 755 755 755 755 756 754 754 755 755 755 755 757 758 758 758 758 758 759 759 760 761 761 760 762 762 761 764 763 762 762 763 763 764 765 765 765 765 765 765 765 767 768 768 768 769
735 738 737 737 737 737 744 741 741 741 740 740 740 739 741 740 739 739 739 743 743 742 743 743 744 743 743 742 743 743 742 742 743 743 744 745 746 746 746 747 746 748 748 749 751 752 752 752 754 755 755 755 756 756 754 754 755 755 755 755 757 758 759 759 759 759 760 761 762 761 761 762 762 762 764 764 763 763 763 763 762 763 764 764 765 765 766 767 767 768 768 768 769 770
736 737 737 737 737 741 738 739 740 739 740 739 739 740 744 742 744 743 744 743 743 743 742 744 743 744 743 743 742 742 742 741 742 742 743 745 745 745 745 746 748 748 748 750 752 753 754 754 752 753 754 753 755 754 755 753 754 754 754 758 758 758 758 758 759 759 760 760 759 760 761 761 761 762 763 762 762 762 762 762 761 762 764 764 765 767 767 767 767 768 767 769 767 766
737 737 737 737 737 737 737 738 738 738 737 737 740 738 739 743 743 743 742 741 743 743 742 743 743 743 743 742 742 742 744 744 742 744 745 745 745 745 746 746 746 746 746 748 754 754 754 753 754 753 755 755 753 752 753 759 754 755 756 758 758 758 758 758 759 759 760 759 759 761 761 761 762 762 763 762 762 762 762 762 762 764 764 764 766 766 766 766 766 767 767 768 767 767
736 736 737 737 737 737 738 738 738 737 737 737 737 738 740 742 743 742 741 741 742 742 742 743 741 741 741 741 741 741 743 744 744 745 744 745 745 745 746 746 747 747 746 748 752 753 754 754 754 754 756 754 753 753 753 753 756 756 757 757 757 757 757 758 758 758 760 758 760 760 762 762 762 763 763 762 762 762 762 761 762 763 764 765 766 766 766 766 766 767 767 767 767 767
736 736 736 737 737 738 737 736 736 736 736 736 736 736 740 742 743 741 741 741 740 741 742 742 741 741 741 741 741 742 744 744 744 745 745 745 746 746 746 746 746 746 746 751 752 754 754 754 754 753 754 754 753 753 752 752 754 756 757 757 757 757 758 758 758 757 758 759 759 760 761 761 762 762 763 763 761 762 761 763 761 765 763 763 766 766 766 766 766 768 768 767 767 767
736 737 737 736 734 734 737 736 736 736 735 735 735 736 738 740 741 741 741 742 742 742 742 741 741 741 741 741 742 744 744 744 744 745 745 745 746 746 746 746 746 746 746 749 754 753 754 761 754 754 753 753 753 753 753 753 755 756 757 757 757 757 758 758 757 758 758 759 760 760 761 761 761 761 761 761 761 761 762 761 761 762 764 764 765 765 765 765 765 768 767 767 767 767
737 737 734 734 734 736 736 738 735 735 736 738 740 740 737 737 738 739 739 739 738 738 739 740 740 740 743 740 744 744 744 744 744 744 745 745 745 746 746 746 748 750 749 751 751 754 754 753 753 752 754 754 756 755 755 755 757 757 757 757 757 757 758 758 757 758 759 760 760 760 759 759 760 761 761 761 761 764 761 761 762 762 764 764 765 765 770 768 767 767 766 766 767 767
734 739 734 735 734 733 737 736 736 739 742 741 740 740 737 736 739 739 739 739 739 741 740 740 740 740 740 742 743 743 743 743 744 743 745 749 751 746 748 748 750 750 751 750 750 750 752 753 754 754 753 756 756 755 755 755 755 757 757 757 757 758 757 757 758 759 760 760 760 760 760 760 760 761 761 761 762 761 761 764 764 765 764 764 764 765 766 767 767 767 766 766 766 766
733 733 735 737 741 742 742 743 743 743 736 736 735 736 736 739 739 739 741 741 741 740 740 740 740 742 740 743 743 743 743 743 743 744 748 752 747 746 745 750 750 749 749 750 750 751 750 750 752 752 753 756 758 758 756 758 756 756 757 758 758 757 757 757 759 759 760 760 760 761 761 762 762 761 761 761 764 761 761 761 764 764 764 764 765 766 766 767 767 767 766 766 766 767
739 742 742 742 742 742 735 739 741 735 735 735 736 740 738 739 739 739 739 737 737 739 739 740 740 740 742 742 743 743 743 743 743 747 743 745 745 745 746 746 748 748 748 748 748 750 750 751 751 752 753 755 755 758 759 759 758 758 758 758 758 757 757 758 760 760 760 765 764 762 762 762 762 763 763 763 764 766 764 763 764 765 765 765 766 766 766 767 767 766 766 766 767 767
744 742 735 734 733 733 733 733 735 745 742 745 741 736 736 735 736 736 737 737 738 738 738 738 738 742 742 741 741 743 743 745 742 743 743 743 744 747 748 748 748 748 749 749 748 748 749 749 749 752 755 755 755 759 762 760 759 758 758 758 757 757 757 760 760 760 760 760 763 767 764 764 764 764 765 765 765 763 764 764 764 764 765 766 766 766 767 767 766 766 766 766 767 767
735 739 732 733 733 733 733 733 733 734 734 735 734 735 735 735 735 736 737 737 738 737 737 739 741 741 741 741 743 743 743 743 743 742 743 745 747 748 748 748 748 749 748 748 748 748 749 749 749 760 759 760 760 760 760 762 762 758 758 758 760 762 762 762 760 760 760 761 763 763 762 768 768 770 766 769 765 764 766 765 764 764 766 766 766 767 767 767 766 766 767 767 767 769
731 733 733 733 734 734 734 733 734 733 732 733 735 735 736 735 736 736 736 736 735 738 739 740 741 741 743 743 743 743 743 742 743 743 744 752 747 748 748 748 749 748 748 748 748 748 748 748 754 756 760 760 763 763 763 763 758 758 760 761 762 765 766 765 762 762 761 763 764 765 766 768 769 769 769 769 767 767 766 766 767 767 767 767 767 767 769 767 767 767 768 770 769 770
728 728 727 731 731 733 732 732 733 732 732 732 733 733 732 733 735 733 734 734 735 736 740 740 740 741 742 743 741 742 742 743 743 746 746 747 748 748 748 748 748 748 748 748 748 748 755 756 758 759 758 762 763 763 759 759 761 767 767 767 767 767 767 763 764 762 762 765 766 768 767 767 770 770 769 767 767 769 771 768 770 767 767 767 768 769 769 766 767 768 767 771 770 771
731 728 728 729 729 728 728 728 731 731 731 733 732 732 733 734 733 733 734 736 736 736 738 738 740 740 741 742 742 743 743 743 745 746 746 748 748 748 747 747 747 748 748 748 748 756 756 757 758 763 764 765 762 762 762 768 770 773 776 771 769 767 766 769 770 765 767 767 768 768 773 774 769 769 770 769 771 775 775 774 770 767 767 767 769 769 769 769 769 772 773 773 774 774
731 732 732 731 731 728 731 730 728 730 730 732 732 732 733 732 733 734 734 736 738 738 738 738 739 739 740 741 742 742 742 743 746 746 745 748 747 747 747 747 748 748 748 749 756 757 757 761 761 764 763 761 762 763 762 773 775 777 777 772 769 766 765 770 770 767 771 771 770 777 776 773 770 774 769 770 771 775 774 770 766 766 767 768 769 769 772 774 776 776 777 779 780 785
728 728 727 729 728 728 728 728 730 730 730 732 732 732 732 731 733 734 734 736 738 738 738 738 738 740 740 740 740 741 741 741 745 744 745 746 747 747 747 746 749 758 757 759 757 757 763 757 767 762 772 763 761 761 762 770 775 775 776 773 771 769 771 771 770 768 771 771 777 779 777 782 777 773 771 772 774 772 771 769 771 771 768 769 769 768 774 774 775 774 772 773 775 782
727 726 726 726 728 728 728 728 730 730 731 731 731 732 731 731 734 735 736 737 737 738 738 738 738 740 741 741 741 741 740 741 743 744 744 745 746 746 745 747 755 758 759 761 763 764 764 767 772 766 763 761 763 762 764 768 769 770 777 774 772 771 771 771 771 771 771 771 777 783 783 783 778 776 773 777 775 772 771 775 775 773 773 773 772 774 769 768 772 776 775 777 777 776
723 724 727 727 728 727 728 726 730 730 731 731 730 730 730 731 735 735 736 737 737 738 738 738 741 745 743 741 740 741 740 741 742 742 742 744 744 745 745 746 752 758 762 766 764 763 763 767 768 769 765 768 766 768 768 770 774 776 778 776 772 771 772 771 771 777 782 781 780 785 787 784 775 775 779 778 775 774 777 779 778 774 773 773 774 774 773 769 772 774 775 777 783 782
724 724 725 726 726 727 728 727 727 727 727 727 729 729 733 734 733 733 736 737 736 738 738 747 752 749 749 749 746 744 741 742 742 742 743 743 743 745 745 746 746 765 766 765 757 760 762 766 769 770 772 774 773 772 770 774 773 778 784 782 782 780 780 774 777 781 784 785 785 777 777 777 776 779 781 774 775 775 781 780 777 775 775 773 775 775 773 770 770 778 779 785 785 785
723 723 723 724 724 725 727 727 728 727 726 729 729 729 732 733 733 735 736 736 738 739 746 756 753 748 745 744 746 748 746 746 747 743 743 743 743 743 746 748 746 747 748 748 759 764 768 772 775 775 775 773 773 774 774 774 774 776 782 785 783 785 781 778 785 785 795 795 788 784 779 776 778 783 777 774 777 782 785 783 781 777 775 774 774 774 773 772 769 777 781 786 794 795
723 723 723 724 724 724 726 723 727 728 728 728 728 728 729 730 732 735 736 736 739 748 756 754 753 753 752 751 747 746 746 753 756 746 746 745 745 746 746 748 746 748 748 749 763 766 768 760 763 766 773 776 775 777 777 776 777 783 783 787 785 783 779 788 783 782 778 778 777 777 778 785 785 783 782 779 778 784 791 790 784 781 776 776 774 774 772 771 768 770 776 784 787 786
722 722 724 720 724 724 724 727 728 728 728 728 729 729 729 730 730 734 735 737 742 748 757 756 761 755 754 749 746 758 757 758 747 748 749 746 746 746 747 748 748 748 748 750 751 754 763 771 770 772 774 775 775 775 776 780 781 779 780 783 787 792 786 782 780 778 778 779 781 786 790 790 790 788 783 778 778 781 786 792 786 781 780 775 775 773 778 774 772 771 774 784 784 783
721 719 723 723 723 725 725 724 727 727 729 730 729 729 729 730 733 733 736 737 743 752 756 760 761 758 755 748 746 746 746 747 750 751 751 751 750 752 748 747 748 748 749 750 750 760 763 769 768 772 774 774 770 775 775 778 782 773 774 783 785 784 780 780 781 778 786 788 785 788 785 783 782 777 778 778 780 794 795 788 782 780 775 778 775 776 778 781 777 775 770 769 771 772
717 721 722 722 722 723 723 723 725 728 729 729 729 729 732 731 740 740 737 737 741 745 752 757 756 754 749 747 746 748 749 747 747 744 748 750 743 742 743 748 748 749 749 750 752 753 753 755 757 757 757 764 769 764 767 770 770 773 780 783 787 787 786 794 794 789 789 788 780 779 779 780 779 785 782 789 787 796 797 786 781 777 783 775 776 783 781 776 775 773 773 769 773 773
719 719 721 721 721 722 723 723 723 727 727 727 728 729 734 737 737 742 741 747 744 744 754 758 759 754 751 759 759 752 748 743 743 743 748 743 742 745 745 749 749 749 753 751 755 758 758 762 761 765 757 761 762 775 776 777 778 778 784 784 790 795 793 789 782 781 781 780 782 793 789 786 788 795 793 798 797 791 794 784 779 775 775 774 774 774 775 777 773 772 772 777 778 776
718 719 721 721 721 722 722 724 726 725 727 727 727 728 731 739 749 748 752 746 745 752 752 758 757 759 760 759 756 747 743 743 747 750 743 741 741 747 746 749 750 750 759 753 755 772 776 776 768 773 774 770 759 765 768 770 777 779 785 790 791 789 789 788 786 787 787 787 788 792 789 789 793 800 797 793 784 782 779 777 776 777 775 775 775 775 779 774 771 772 777 779 782 782
718 718 720 720 721 722 722 723 723 724 726 726 727 728 730 731 733 738 739 740 744 752 759 759 759 759 759 744 747 742 746 749 750 742 741 741 743 747 765 767 759 759 770 772 760 759 772 777 775 777 782 777 762 765 779 781 775 790 791 794 790 790 788 789 796 793 798 794 798 789 789 799 800 793 794 790 786 781 780 780 778 783 777 779 776 776 774 768 770 777 780 783 782 785
717 717 717 719 721 721 723 723 723 725 729 729 731 730 731 732 733 735 740 743 754 764 764 759 757 755 751 747 745 742 742 740 741 741 741 742 749 768 771 774 760 767 779 773 771 764 761 772 778 793 778 767 765 785 795 794 783 783 791 792 790 792 791 798 798 791 796 787 781 776 778 787 788 779 779 775 777 774 773 774 776 774 774 778 779 777 772 772 783 781 787 801 794 792
717 717 718 719 719 720 724 725 725 726 731 736 732 729 735 736 736 740 751 752 756 763 755 751 751 741 741 742 742 742 738 741 741 742 742 759 757 756 775 778 775 781 779 784 772 773 769 784 795 793 777 776 764 771 787 795 792 796 800 795 788 793 797 797 785 787 782 779 775 776 778 774 779 774 774 775 778 779 776 776 774 774 772 773 768 769 770 781 784 783 786 790 789 789
716 716 718 719 720 723 724 726 725 726 731 738 733 733 738 738 740 746 740 740 747 757 749 739 739 737 738 741 741 737 738 741 741 742 755 770 775 778 784 785 782 780 785 785 791 777 770 786 793 793 783 771 767 768 796 783 791 795 785 780 775 788 779 783 777 777 785 788 781 780 786 781 779 779 780 777 777 777 774 774 776 771 769 772 772 773 773 773 777 777 781 792 800 789
716 717 721 722 721 724 726 725 725 725 726 737 738 737 738 746 751 745 741 738 738 737 737 736 737 737 736 737 736 735 738 740 741 743 747 746 758 748 748 750 761 756 773 788 787 791 780 780 794 793 785 784 776 771 771 778 789 792 783 779 775 774 772 777 777 773 777 778 773 771 779 779 779 778 778 776 776 776 774 774 768 768 785 782 777 778 776 774 781 781 801 801 803 791
717 723 723 722 722 724 727 729 727 726 728 735 737 738 740 741 744 739 741 744 738 734 734 735 735 733 734 733 734 734 767 761 761 751 748 750 748 760 758 757 754 759 758 759 768 791 784 792 795 793 794 782 767 769 765 771 781 785 780 775 778 777 774 774 772 771 771 771 771 771 771 771 772 768 769 768 770 770 770 771 785 792 785 781 785 779 777 776 795 802 807 809 802 795
