rasters/Cliped_Flanders_asc/FlandersBio12.asc
ncols        404
nrows        99
xllcorner    2.541666656550
yllcorner    50.683333250650
cellsize     0.008333333300
NODATA_value -9999
[rows 0 to 41 of 99, columns 282 to 375 of 404]
799 801 801 801 799 799 801 801 801 799 797 797 798 801 795 793 793 793 792 792 792 792 792 797 793 793 793 792 792 791 791 790 790 788 787 787 787 787 784 785 787 787 787 786 785 785 784 784 784 784 783 781 780 779 779 779 778 779 779 778 777 777 777 777 778 778 778 778 775 775 774 775 774 772 771 771 772 771 770 770 777 777 777 776 775 773 772 772 772 771 769 768 770 770
799 795 801 801 801 801 801 801 800 798 799 798 799 798 793 801 794 793 792 792 792 796 794 793 793 793 792 792 791 790 790 790 789 787 787 787 789 788 788 788 788 787 788 789 788 785 784 784 784 783 783 780 779 780 780 779 780 780 780 779 779 779 779 779 776 776 776 775 774 774 773 773 773 771 772 771 771 771 769 771 772 776 778 777 773 773 773 772 769 768 771 768 771 771
796 800 800 801 801 801 800 800 800 799 799 798 797 793 799 793 797 796 795 793 793 800 802 793 796 793 792 792 792 792 792 794 794 790 790 788 789 789 787 788 788 788 789 788 788 785 784 784 783 787 788 782 780 780 781 781 780 780 780 780 779 779 778 777 778 776 776 775 775 774 773 774 773 772 772 771 771 771 770 771 774 771 776 777 776 774 774 773 771 772 771 771 771 771
793 797 798 801 802 800 800 800 800 797 797 795 794 802 803 794 793 794 798 793 793 801 794 794 799 799 793 792 792 793 793 791 791 792 792 790 790 787 793 788 788 788 786 786 786 785 785 786 790 790 786 785 782 781 781 781 780 780 780 780 777 777 777 778 777 776 776 775 775 775 773 774 773 772 772 771 771 772 772 774 770 771 776 777 777 774 774 772 772 773 773 773 772 773
796 796 796 798 798 799 799 799 797 797 797 796 796 795 795 796 793 796 798 799 798 799 799 804 799 799 799 792 792 791 791 791 792 792 792 790 791 789 789 788 787 787 786 786 786 786 786 786 790 790 788 786 787 781 781 781 780 780 779 777 777 777 777 777 778 777 776 775 775 774 773 774 774 772 771 771 771 772 774 775 775 771 776 774 775 774 773 773 772 770 771 773 772 772
797 798 798 797 798 798 799 797 797 797 797 798 797 798 798 798 796 797 801 801 797 796 794 798 795 795 800 800 793 793 792 792 792 792 792 792 790 791 788 788 788 787 787 787 787 787 791 791 791 791 786 786 781 781 781 780 780 780 778 777 777 777 776 782 781 781 779 775 775 777 775 776 774 771 774 772 771 774 775 774 775 772 774 772 774 773 773 771 771 771 772 770 771 771
796 803 802 803 800 799 799 798 798 799 799 799 799 798 798 798 797 797 798 798 796 796 798 798 799 801 800 793 793 793 792 792 792 792 793 792 792 790 789 789 789 791 793 787 789 787 787 787 791 785 785 783 782 781 782 781 780 779 777 779 779 779 780 781 782 781 779 775 776 777 775 776 775 774 774 774 772 774 776 775 775 772 774 771 773 773 773 772 771 770 771 771 771 772
798 798 798 799 799 799 799 799 799 799 799 799 799 799 803 799 797 798 798 796 798 798 798 798 801 800 796 796 793 793 792 792 793 793 793 794 792 795 792 790 789 789 788 788 787 787 786 786 790 790 787 784 785 784 784 782 782 781 780 780 780 780 780 779 779 778 777 776 776 775 775 776 775 774 775 775 774 774 772 774 778 776 776 773 772 773 773 773 772 770 771 772 772 773
797 799 799 799 801 799 799 799 799 799 799 799 798 798 803 797 798 797 796 798 798 798 798 798 800 799 796 797 796 799 793 797 797 794 792 792 792 797 792 791 790 789 788 789 789 787 787 789 791 791 789 788 785 784 784 782 781 781 780 781 780 780 779 778 778 778 776 776 776 775 776 776 775 774 775 775 774 773 773 773 774 775 776 777 778 775 773 773 774 770 771 772 774 773
798 799 799 805 801 799 800 802 801 799 799 798 798 799 799 799 798 798 798 798 798 799 800 799 799 802 800 802 800 800 800 797 798 794 794 792 792 796 793 791 791 791 790 789 795 790 788 788 788 790 791 788 788 785 784 784 781 781 781 780 779 779 779 778 777 777 776 776 775 775 776 776 776 774 775 775 774 775 775 774 774 776 776 778 778 778 774 772 770 770 773 774 774 775
796 797 798 799 799 802 799 799 800 800 800 800 800 799 798 798 798 798 798 801 799 799 799 799 801 802 802 800 800 800 800 798 797 795 795 793 793 793 793 793 792 792 792 789 790 790 789 789 789 791 787 790 791 788 784 784 783 782 782 781 781 781 779 779 777 776 776 775 775 775 776 776 776 774 775 775 774 774 774 776 775 775 776 778 777 775 777 776 773 776 774 773 774 773
796 797 797 798 798 801 799 799 802 800 800 800 800 800 798 798 798 798 804 799 799 799 800 799 802 802 802 802 800 795 795 794 795 796 795 794 793 793 793 793 792 792 794 797 793 793 788 789 789 788 787 787 787 785 785 785 788 783 781 782 782 780 780 777 777 776 775 775 776 775 777 776 778 777 779 776 775 774 774 777 776 775 773 775 777 773 773 774 772 775 774 775 774 773
797 797 798 798 800 800 799 800 802 802 801 801 800 799 798 798 799 799 804 804 800 800 802 802 799 801 799 798 797 796 797 795 795 796 795 795 795 795 795 793 792 792 792 792 791 789 788 789 789 789 789 787 787 787 790 784 784 783 781 781 781 779 777 776 776 775 775 775 778 777 776 779 779 777 778 776 774 774 776 777 777 773 773 773 773 773 772 772 773 774 774 773 777 770
796 795 797 798 798 800 800 800 802 802 801 801 799 798 799 799 801 801 805 808 805 801 803 802 803 799 799 799 798 797 796 796 795 795 795 795 795 795 794 793 793 793 793 792 791 792 788 789 789 789 789 788 788 788 787 786 784 784 784 780 782 780 777 775 775 776 779 780 780 777 776 776 780 777 777 779 774 774 779 777 774 773 773 773 773 772 772 772 771 773 773 773 776 778
796 797 798 798 798 800 800 804 806 803 806 802 800 802 801 801 801 801 805 805 803 801 803 800 803 803 800 800 801 798 796 796 795 794 796 795 795 795 796 795 792 794 791 792 792 792 789 788 789 789 789 789 790 788 792 792 785 784 784 784 779 778 777 776 777 780 780 781 781 780 781 776 780 780 779 778 783 783 782 777 775 776 775 772 773 773 772 772 772 773 777 776 776 775
798 798 800 799 799 800 800 802 807 806 806 805 803 803 802 802 802 805 805 806 802 802 800 800 801 805 804 799 799 798 797 795 795 798 794 796 796 796 796 796 795 796 794 795 793 793 792 790 790 789 790 790 790 788 789 788 786 789 783 782 782 779 778 778 779 780 780 783 781 782 783 775 776 776 782 778 777 777 777 775 776 775 776 775 780 780 779 774 777 773 777 777 774 771
798 798 799 799 799 802 801 802 801 805 805 804 804 804 804 803 805 805 806 802 802 802 801 801 807 800 800 799 798 797 796 798 798 798 796 795 795 796 796 796 796 794 795 795 795 795 793 791 792 791 790 791 791 789 789 790 787 783 782 783 785 781 781 781 780 779 780 783 783 783 782 783 782 778 779 783 780 781 777 777 775 774 775 775 773 780 772 774 778 778 777 777 777 772
799 799 799 799 801 803 800 799 798 804 803 804 801 805 804 804 802 801 801 801 803 800 800 804 807 807 804 799 800 800 800 797 799 800 797 796 795 797 798 796 796 794 794 795 795 794 797 793 794 793 794 795 793 789 788 786 785 782 784 783 788 788 781 781 781 780 780 780 781 782 781 779 778 778 783 782 781 781 778 776 776 774 775 773 778 773 774 774 775 775 775 777 773 772
800 802 802 805 803 804 804 804 803 803 798 797 798 800 798 800 801 801 801 802 802 806 806 804 807 807 807 801 801 800 801 799 800 799 799 797 796 796 800 795 794 794 794 794 795 796 796 795 795 795 794 792 790 787 788 788 790 786 786 786 783 783 782 780 783 783 781 783 782 782 781 779 777 783 783 784 781 780 778 777 776 776 776 774 773 775 779 778 778 776 774 776 773 772
802 802 802 803 805 804 805 805 802 802 802 803 803 798 800 800 800 797 797 800 801 800 802 806 800 801 801 801 802 800 800 800 800 800 800 801 798 803 798 794 797 795 795 795 795 796 797 795 794 794 793 791 790 789 789 790 794 789 787 786 786 787 783 783 784 783 783 784 783 782 782 782 781 783 785 781 782 781 778 777 775 776 777 774 773 774 778 776 775 774 778 780 773 773
802 803 803 803 800 800 802 800 802 802 800 797 799 800 798 797 797 797 795 797 797 799 800 798 799 802 801 800 803 800 800 802 802 801 801 803 803 803 803 797 797 797 801 801 795 795 800 800 795 793 793 791 790 790 790 794 790 789 789 788 788 786 784 783 784 783 783 783 782 782 781 783 786 784 786 782 783 778 777 776 776 778 777 780 781 774 778 776 775 775 779 774 779 778
803 801 803 800 800 801 802 801 800 800 798 797 797 797 796 796 803 804 796 796 796 798 798 801 801 798 798 799 801 799 800 802 802 802 802 805 804 801 804 804 798 800 804 805 797 796 801 801 799 794 794 792 791 791 796 795 792 790 789 787 787 784 785 785 788 788 785 782 782 781 781 782 786 786 787 785 785 777 777 778 777 777 776 777 779 780 777 775 775 779 780 779 780 773
803 805 802 801 801 801 800 800 800 798 798 798 798 797 797 797 800 797 801 797 798 801 800 800 801 798 797 798 801 799 801 801 802 802 802 804 804 805 802 801 799 804 803 803 800 803 803 802 801 793 793 793 793 792 792 792 791 789 787 787 787 786 787 787 789 790 782 782 781 782 782 782 780 787 787 785 778 779 778 778 779 779 777 777 777 777 778 775 775 775 779 775 773 772
797 798 801 795 796 797 798 798 795 795 798 798 797 799 801 801 801 802 797 797 798 797 799 798 797 798 798 798 801 801 800 801 801 802 806 806 803 803 802 802 803 802 803 803 801 803 803 799 797 797 796 796 794 792 792 791 789 788 788 788 787 787 787 790 791 789 789 785 782 784 788 780 781 788 787 779 778 779 779 779 779 782 781 779 778 778 779 777 776 778 779 780 780 778
795 797 796 796 796 797 797 797 797 796 796 797 797 797 801 797 797 797 797 797 797 796 798 798 798 798 798 799 799 800 800 800 801 803 809 803 807 810 808 802 808 809 802 802 802 801 803 800 798 798 797 795 795 795 795 790 789 789 789 789 789 789 789 789 788 791 790 784 784 784 787 782 784 781 780 781 779 779 779 779 778 777 778 778 778 778 779 777 777 778 780 780 772 781
796 796 796 796 796 795 797 797 796 797 797 796 797 797 797 797 797 797 797 797 796 798 798 798 799 799 800 801 800 800 801 801 802 806 807 803 803 803 807 802 809 806 801 807 803 803 804 799 806 798 796 796 795 795 794 793 793 792 789 789 789 789 793 792 789 786 786 786 786 785 783 783 782 783 783 782 781 781 782 781 779 779 779 780 780 778 777 777 779 779 780 781 780 781
796 798 794 797 797 797 797 796 796 796 796 796 797 797 797 797 797 797 797 798 798 797 798 799 799 799 798 798 798 798 800 799 798 802 801 807 807 807 808 807 803 803 801 802 802 807 806 806 807 798 798 797 795 795 793 793 793 793 797 793 791 790 790 789 786 786 786 786 785 786 784 787 787 787 788 784 782 782 781 781 779 780 780 780 779 778 777 778 779 780 779 780 782 781
792 794 797 794 794 796 796 796 796 796 796 796 797 797 796 797 796 795 795 796 798 799 798 798 798 798 798 798 798 798 798 798 804 799 803 808 810 807 807 804 804 809 804 804 803 808 806 805 803 800 797 796 796 795 795 795 794 796 793 793 792 795 795 788 787 787 787 786 786 786 789 786 784 784 784 783 782 781 781 781 780 780 780 779 779 778 778 781 781 782 782 776 775 775
792 797 797 797 797 797 796 796 795 796 795 795 796 796 796 795 797 795 797 797 798 798 798 798 798 798 798 799 799 798 803 803 800 807 810 810 810 811 804 806 810 806 805 810 804 807 808 803 806 806 800 799 797 797 796 804 797 796 793 793 794 796 796 788 789 789 787 787 787 787 785 784 783 782 791 784 781 781 782 780 780 780 780 779 779 778 778 781 782 782 781 776 777 775
793 799 797 797 796 794 794 794 796 795 795 795 795 796 796 795 796 797 798 797 798 798 798 798 798 798 798 797 797 798 797 799 805 804 801 802 802 803 802 806 806 806 810 806 804 810 810 803 806 804 802 801 801 800 799 797 797 796 796 796 796 795 794 790 790 789 788 794 791 785 784 786 785 783 792 792 782 782 783 780 781 781 780 780 780 779 780 781 782 782 777 776 776 776
792 795 798 794 794 793 794 794 796 796 795 795 794 795 795 796 799 796 797 798 798 798 798 798 798 798 797 797 798 801 799 801 802 801 801 802 802 802 804 805 805 809 809 807 808 804 810 809 805 807 806 803 802 801 803 799 801 797 797 797 795 795 794 793 792 792 793 793 788 788 787 787 784 787 785 784 783 783 783 781 781 781 780 780 780 780 781 782 782 780 777 776 776 776
795 794 793 795 796 797 798 796 796 796 796 797 796 795 795 795 797 795 796 798 797 796 796 798 796 798 799 800 800 801 801 801 802 806 802 802 802 804 806 809 809 809 809 812 807 808 810 807 805 807 806 803 803 803 801 806 803 799 799 796 795 794 794 793 793 793 793 793 791 790 790 789 791 789 786 785 784 785 786 781 780 780 780 782 780 782 782 779 780 777 779 778 779 779
790 791 792 795 795 797 799 796 796 797 798 793 793 794 795 796 796 796 795 796 796 796 796 796 800 800 799 800 800 800 801 800 803 802 801 803 805 807 809 809 809 808 808 807 807 807 811 811 807 807 807 805 804 802 802 802 802 802 800 799 798 801 796 794 794 794 795 794 792 790 791 790 790 790 788 788 788 788 785 785 781 783 785 783 782 782 784 780 778 778 779 782 782 779
790 791 794 795 796 805 802 801 794 794 793 793 793 799 796 796 800 801 802 797 797 796 796 796 795 795 796 797 799 799 800 799 802 800 802 804 804 806 806 809 809 808 808 808 809 809 809 809 809 809 809 808 807 803 803 802 801 801 801 801 801 801 801 795 795 795 794 794 792 793 790 790 789 789 789 789 788 788 788 784 785 784 786 782 781 780 780 777 778 778 777 779 777 781
797 797 794 795 801 794 794 794 793 793 793 793 799 801 796 796 797 797 797 796 797 797 803 803 800 799 799 796 798 799 800 802 804 804 804 804 805 806 806 807 807 807 807 808 808 809 808 809 808 808 808 808 806 805 803 803 802 802 802 802 801 799 797 797 796 795 794 794 793 791 790 790 789 789 795 789 788 790 787 787 785 784 784 782 783 784 786 783 783 783 779 777 777 776
800 798 795 794 794 794 794 793 792 792 793 793 795 796 795 795 796 796 798 805 805 805 800 806 800 798 799 800 800 801 802 803 803 803 804 803 804 807 806 807 807 808 808 808 808 808 808 808 809 809 808 808 813 811 811 807 809 806 803 802 801 799 799 799 798 796 796 796 792 791 790 789 790 790 794 790 791 789 787 787 786 785 784 783 783 782 783 783 778 777 777 777 777 775
794 794 794 793 793 793 793 792 793 793 795 795 794 795 795 796 796 799 804 805 797 806 806 800 798 800 801 804 803 803 809 808 803 808 802 805 805 806 808 807 808 808 808 808 809 809 810 811 809 809 809 813 812 812 813 813 810 805 802 802 800 801 800 800 800 797 798 797 795 801 794 797 790 790 798 789 789 789 787 786 785 785 783 783 782 781 780 778 778 780 777 777 775 775
791 792 793 793 794 793 793 792 793 794 796 793 795 795 795 797 798 801 804 798 796 799 800 802 802 803 803 803 803 803 803 803 803 807 806 806 809 808 807 807 807 807 807 807 809 808 814 816 816 816 815 816 816 815 816 816 808 807 805 802 803 805 802 801 802 799 799 798 798 796 801 793 793 793 793 791 789 789 787 787 785 784 783 783 781 780 781 780 780 779 777 776 774 777
793 793 793 794 793 793 793 793 793 794 793 793 795 796 797 800 799 801 797 796 799 799 802 802 802 802 803 803 803 803 803 804 803 805 806 805 806 807 807 807 807 807 808 808 809 808 815 815 814 814 807 809 813 817 817 807 810 816 807 809 805 805 805 804 804 799 799 801 800 800 795 794 793 796 796 792 790 787 787 787 786 784 785 785 783 781 781 780 780 779 779 775 777 774
793 794 794 793 794 793 793 793 794 794 793 797 797 797 801 798 798 796 796 796 797 800 801 802 802 802 803 803 803 803 804 806 805 805 806 806 807 807 807 807 806 814 813 814 813 808 808 809 813 814 814 817 817 817 817 816 816 816 815 815 806 805 804 804 803 801 802 803 802 801 803 797 796 795 798 796 789 789 790 790 787 786 785 785 783 782 780 780 780 779 779 778 774 776
794 793 794 793 793 793 793 794 794 796 797 799 797 796 799 799 797 796 797 797 799 801 801 801 801 803 803 803 804 804 804 805 806 806 806 807 806 808 807 806 808 809 808 807 808 810 811 813 818 820 819 817 815 816 815 816 816 816 814 809 812 807 805 803 804 803 803 804 804 804 802 798 798 797 797 796 793 794 792 791 790 786 786 785 782 780 780 780 780 779 776 776 776 776
794 794 794 794 793 793 794 794 795 797 799 798 798 798 799 798 798 798 798 800 800 801 801 801 801 802 802 804 803 804 805 805 806 805 806 806 806 805 808 808 809 809 808 810 813 813 813 813 814 820 820 814 814 816 816 816 814 814 814 813 813 811 809 806 804 804 804 804 804 803 802 800 797 797 797 797 795 793 793 792 790 790 789 783 782 781 781 780 780 777 776 776 776 775
