rasters/Cliped_Flanders_asc/FlandersBio12.asc
ncols        404
nrows        99
xllcorner    2.541666656550
yllcorner    50.683333250650
cellsize     0.008333333300
NODATA_value -9999
[rows 0 to 41 of 99, columns 94 to 187 of 404]
-9999 -9999 -9999 -9999 -9999 -9999 -9999 -9999 -9999 -9999 -9999 -9999 -9999 -9999 -9999 -9999 -9999 -9999 -9999 727 727 727 727 727 726 727 728 728 728 730 731 733 735 735 735 735 735 735 735 735 736 737 739 739 740 740 741 741 741 742 743 743 743 745 745 747 747 747 747 747 748 749 749 749 749 750 751 753 753 753 753 753 753 754 753 754 754 754 756 755 756 756 756 757 759 759 759 -9999 -9999 -9999 -9999 -9999 -9999 -9999
-9999 -9999 -9999 -9999 -9999 -9999 -9999 -9999 -9999 -9999 -9999 -9999 -9999 -9999 -9999 -9999 -9999 -9999 -9999 -9999 -9999 727 727 727 727 727 727 727 728 728 731 733 735 735 737 735 735 735 736 737 737 739 739 739 740 740 741 741 741 741 742 742 745 745 746 746 746 747 747 748 748 748 749 749 749 750 751 753 753 753 753 753 753 753 754 754 754 756 755 756 756 757 757 757 757 758 759 759 -9999 -9999 -9999 -9999 -9999 -9999
-9999 -9999 -9999 -9999 -9999 -9999 -9999 -9999 -9999 -9999 -9999 -9999 -9999 -9999 -9999 -9999 -9999 -9999 -9999 -9999 -9999 -9999 727 726 727 727 727 727 728 729 731 733 735 735 735 735 735 735 736 737 739 739 739 740 740 741 741 741 741 741 741 742 744 745 746 746 746 746 747 748 748 748 749 750 750 750 751 753 753 753 753 753 752 754 754 755 756 755 755 756 756 757 757 757 757 759 760 762 765 -9999 -9999 -9999 -9999 -9999
-9999 -9999 -9999 -9999 -9999 -9999 -9999 -9999 -9999 -9999 -9999 -9999 -9999 -9999 -9999 -9999 -9999 -9999 -9999 -9999 -9999 -9999 -9999 726 727 727 728 733 732 732 732 733 733 735 735 735 735 735 736 739 739 739 740 740 740 741 741 741 741 740 742 743 742 745 745 745 745 746 747 747 747 747 750 750 750 751 753 753 753 753 753 752 753 754 755 755 757 756 756 756 756 757 757 757 758 759 760 761 761 -9999 -9999 -9999 -9999 -9999
-9999 -9999 -9999 -9999 -9999 -9999 -9999 -9999 -9999 -9999 -9999 -9999 -9999 -9999 -9999 -9999 -9999 -9999 -9999 -9999 -9999 -9999 -9999 -9999 729 728 728 730 730 732 732 733 734 735 735 735 735 735 737 739 739 740 740 741 741 741 741 741 740 741 742 743 743 745 745 745 745 745 746 746 747 748 748 748 750 752 753 753 753 752 752 752 752 755 755 757 756 756 756 756 757 758 757 758 758 760 761 761 761 762 -9999 -9999 -9999 -9999
-9999 -9999 -9999 -9999 -9999 -9999 -9999 -9999 -9999 -9999 -9999 -9999 -9999 -9999 -9999 -9999 -9999 -9999 -9999 -9999 -9999 -9999 -9999 -9999 -9999 728 731 733 733 733 734 734 734 734 734 734 735 736 737 739 740 740 740 -9999 -9999 742 742 743 741 741 742 742 744 744 745 745 745 746 746 747 748 749 749 749 750 751 752 753 752 752 752 752 755 755 755 756 756 756 756 757 757 757 757 760 760 760 762 761 761 761 761 -9999 -9999 -9999
-9999 -9999 -9999 -9999 -9999 -9999 -9999 -9999 -9999 -9999 -9999 -9999 -9999 -9999 -9999 -9999 -9999 -9999 -9999 -9999 -9999 -9999 -9999 -9999 -9999 -9999 -9999 733 733 734 734 734 734 734 734 734 735 738 739 740 -9999 -9999 -9999 -9999 741 742 742 742 743 742 742 744 744 745 745 745 745 747 747 748 748 749 750 750 751 751 751 750 752 751 753 754 755 755 -9999 -9999 -9999 -9999 -9999 -9999 757 757 758 759 758 760 761 761 761 761 761 761 764 -9999
-9999 -9999 -9999 -9999 -9999 -9999 -9999 -9999 -9999 -9999 -9999 -9999 -9999 -9999 -9999 -9999 -9999 -9999 -9999 -9999 -9999 -9999 -9999 -9999 -9999 -9999 -9999 -9999 -9999 -9999 735 735 -9999 -9999 734 735 737 737 -9999 -9999 -9999 -9999 -9999 -9999 -9999 742 742 742 747 745 743 744 744 744 745 745 746 747 748 748 748 750 750 750 751 751 750 750 750 751 751 752 756 -9999 -9999 -9999 -9999 -9999 -9999 -9999 -9999 -9999 759 758 758 761 760 761 761 761 762 762 763 764
-9999 -9999 -9999 -9999 -9999 -9999 -9999 -9999 -9999 -9999 -9999 -9999 -9999 -9999 -9999 -9999 -9999 -9999 -9999 -9999 -9999 -9999 -9999 -9999 -9999 -9999 -9999 -9999 -9999 -9999 -9999 -9999 -9999 -9999 -9999 -9999 -9999 -9999 -9999 -9999 -9999 -9999 -9999 -9999 -9999 -9999 -9999 741 742 742 744 744 744 744 745 746 747 748 748 748 750 750 750 751 751 750 750 751 751 751 752 752 -9999 -9999 -9999 -9999 -9999 -9999 -9999 -9999 -9999 -9999 -9999 -9999 -9999 -9999 760 761 762 762 762 763 765 765
-9999 -9999 -9999 -9999 -9999 -9999 -9999 -9999 -9999 -9999 -9999 -9999 -9999 -9999 -9999 -9999 -9999 -9999 -9999 -9999 -9999 -9999 -9999 -9999 -9999 -9999 -9999 -9999 -9999 -9999 -9999 -9999 -9999 -9999 -9999 -9999 -9999 -9999 -9999 -9999 -9999 -9999 -9999 -9999 -9999 -9999 -9999 -9999 741 743 744 744 744 744 746 748 748 748 748 749 750 750 751 751 750 750 751 751 751 752 752 754 -9999 -9999 -9999 -9999 -9999 -9999 -9999 -9999 -9999 -9999 -9999 -9999 -9999 -9999 -9999 761 760 762 762 764 764 766
-9999 -9999 -9999 -9999 -9999 -9999 -9999 -9999 -9999 -9999 -9999 -9999 -9999 -9999 -9999 -9999 -9999 -9999 -9999 -9999 -9999 -9999 -9999 -9999 -9999 -9999 -9999 -9999 -9999 -9999 -9999 -9999 -9999 -9999 -9999 -9999 -9999 -9999 -9999 -9999 -9999 -9999 -9999 -9999 -9999 -9999 -9999 -9999 743 744 744 744 744 745 747 748 748 748 749 749 749 750 751 750 750 751 751 751 751 752 754 -9999 -9999 -9999 -9999 -9999 -9999 -9999 -9999 -9999 -9999 -9999 -9999 -9999 -9999 -9999 -9999 -9999 762 762 764 764 765 767
-9999 -9999 -9999 -9999 -9999 -9999 -9999 -9999 -9999 -9999 -9999 -9999 -9999 -9999 -9999 -9999 -9999 -9999 -9999 -9999 -9999 -9999 -9999 -9999 -9999 -9999 -9999 -9999 -9999 -9999 -9999 -9999 -9999 -9999 -9999 -9999 -9999 -9999 -9999 -9999 -9999 -9999 -9999 -9999 -9999 -9999 -9999 -9999 -9999 -9999 -9999 -9999 -9999 -9999 746 747 748 749 749 749 750 751 750 751 751 751 751 751 754 754 -9999 -9999 -9999 -9999 -9999 -9999 -9999 -9999 -9999 -9999 -9999 -9999 -9999 -9999 -9999 -9999 -9999 -9999 -9999 -9999 765 765 766 766
-9999 -9999 -9999 -9999 -9999 -9999 -9999 -9999 -9999 -9999 -9999 -9999 -9999 -9999 -9999 -9999 -9999 -9999 -9999 -9999 732 732 731 731 731 731 736 -9999 -9999 -9999 -9999 -9999 -9999 -9999 -9999 -9999 -9999 -9999 -9999 -9999 -9999 -9999 -9999 -9999 -9999 -9999 -9999 -9999 -9999 -9999 -9999 -9999 -9999 -9999 -9999 -9999 748 749 749 749 750 750 751 751 751 751 751 752 754 753 -9999 -9999 -9999 -9999 -9999 -9999 -9999 -9999 755 756 756 759 760 -9999 -9999 -9999 -9999 -9999 -9999 -9999 -9999 -9999 -9999 -9999
-9999 -9999 -9999 -9999 -9999 -9999 -9999 -9999 -9999 -9999 -9999 -9999 -9999 -9999 -9999 -9999 -9999 730 731 732 731 732 731 731 732 734 733 735 735 735 -9999 -9999 -9999 -9999 -9999 -9999 -9999 -9999 -9999 -9999 -9999 -9999 -9999 -9999 -9999 -9999 -9999 -9999 -9999 -9999 -9999 -9999 -9999 -9999 -9999 -9999 -9999 749 749 749 750 751 751 751 751 -9999 -9999 -9999 -9999 -9999 -9999 -9999 -9999 -9999 -9999 -9999 -9999 755 756 756 757 759 759 759 759 -9999 -9999 -9999 -9999 -9999 -9999 -9999 -9999 -9999
-9999 -9999 -9999 -9999 -9999 -9999 -9999 -9999 -9999 -9999 727 729 729 731 730 731 730 730 731 731 732 732 731 732 732 733 735 735 735 735 736 736 737 737 -9999 -9999 -9999 -9999 -9999 -9999 -9999 -9999 -9999 -9999 -9999 -9999 -9999 -9999 -9999 -9999 -9999 -9999 -9999 -9999 -9999 -9999 -9999 -9999 -9999 -9999 -9999 -9999 -9999 -9999 -9999 -9999 -9999 -9999 -9999 -9999 -9999 -9999 -9999 -9999 -9999 -9999 -9999 756 757 757 758 759 759 759 759 765 -9999 -9999 -9999 -9999 -9999 -9999 -9999 -9999
-9999 -9999 -9999 -9999 -9999 -9999 725 724 725 728 727 729 729 729 730 730 730 731 731 732 732 733 732 732 732 733 735 735 736 736 736 736 737 737 737 738 738 -9999 -9999 -9999 -9999 -9999 -9999 -9999 -9999 -9999 -9999 -9999 -9999 -9999 -9999 -9999 -9999 -9999 -9999 -9999 -9999 -9999 -9999 -9999 -9999 -9999 -9999 -9999 -9999 -9999 -9999 -9999 -9999 -9999 -9999 -9999 -9999 -9999 -9999 -9999 757 757 757 758 758 759 759 760 760 760 -9999 -9999 -9999 -9999 -9999 -9999 -9999 -9999
-9999 -9999 -9999 -9999 725 725 725 725 726 727 727 727 727 728 729 730 732 732 731 733 733 732 732 732 733 734 736 736 736 736 736 737 737 738 738 738 738 738 739 739 740 739 739 740 -9999 -9999 -9999 -9999 -9999 -9999 -9999 -9999 -9999 -9999 -9999 -9999 -9999 -9999 -9999 -9999 -9999 -9999 -9999 -9999 -9999 -9999 -9999 -9999 -9999 -9999 -9999 -9999 -9999 -9999 -9999 757 757 757 757 758 758 760 760 761 761 761 763 760 -9999 -9999 -9999 -9999 -9999 -9999
723 725 725 725 725 726 727 726 726 727 727 727 727 728 728 729 730 731 733 732 732 732 732 733 733 735 736 736 736 736 737 737 738 738 738 738 737 738 739 739 739 739 740 741 743 743 -9999 -9999 -9999 -9999 -9999 -9999 -9999 -9999 -9999 -9999 -9999 -9999 -9999 -9999 -9999 -9999 -9999 -9999 -9999 -9999 -9999 -9999 -9999 -9999 755 754 755 757 757 757 757 757 758 758 759 760 760 761 761 763 762 762 761 761 761 761 764 -9999
725 725 725 725 727 727 727 727 727 727 727 727 727 728 728 728 730 731 732 732 732 731 731 734 734 736 736 736 736 736 738 738 738 737 737 737 737 739 740 739 740 741 742 742 743 743 743 743 -9999 -9999 -9999 -9999 -9999 -9999 -9999 -9999 -9999 -9999 -9999 -9999 -9999 -9999 -9999 -9999 -9999 -9999 -9999 -9999 754 754 754 756 757 757 757 757 757 757 758 758 759 759 760 760 762 762 762 762 761 761 761 761 764 764
725 725 726 727 727 727 727 727 727 727 727 727 728 728 729 730 730 730 731 730 731 733 732 732 734 736 736 735 737 737 737 737 737 737 737 737 738 740 741 741 741 742 742 743 743 743 743 743 744 746 747 747 -9999 -9999 749 747 748 748 748 748 -9999 -9999 -9999 -9999 -9999 -9999 753 754 754 754 756 757 757 757 757 757 757 759 759 759 759 759 760 761 761 762 761 761 761 761 761 762 764 764
724 726 727 727 727 727 727 727 727 727 727 727 728 729 730 730 731 731 731 731 732 731 732 732 734 734 735 735 735 737 737 737 737 738 737 738 740 741 742 741 742 742 742 743 743 743 743 743 745 746 746 747 748 746 747 747 748 748 748 752 753 752 750 751 752 752 752 754 753 753 757 756 757 757 757 757 758 759 759 759 759 759 761 761 762 762 761 761 761 762 762 763 764 764
727 727 727 727 727 727 728 727 727 727 727 728 729 730 730 730 731 730 732 732 732 732 732 732 735 735 735 735 736 737 737 738 737 738 739 740 741 742 742 742 742 742 743 743 743 743 743 744 745 746 747 746 746 746 746 748 748 748 750 751 751 754 754 755 752 753 753 752 752 754 756 756 756 756 757 758 759 759 759 759 760 761 761 762 762 761 761 761 762 762 763 763 765 765
727 727 727 727 727 727 727 727 728 729 729 728 729 731 731 731 730 733 733 733 734 733 734 735 735 736 736 736 737 737 737 737 737 738 740 741 741 743 743 742 742 742 743 743 743 744 744 744 746 747 746 746 746 746 746 748 748 750 750 751 752 754 754 754 753 753 752 752 754 754 755 755 755 756 756 758 757 757 760 761 760 761 762 762 762 761 761 762 762 762 763 764 765 765
727 727 728 727 728 729 729 730 729 729 729 730 731 731 731 733 733 733 732 733 734 733 735 735 736 736 736 737 737 737 737 737 738 739 740 741 742 742 743 742 742 743 743 743 743 744 744 744 746 746 746 746 746 746 748 748 750 750 750 752 753 754 754 754 754 752 752 753 754 754 755 755 756 756 756 757 757 758 759 758 758 761 762 762 763 762 762 762 762 763 764 764 765 764
728 728 728 728 728 729 728 730 729 729 729 730 731 732 732 733 732 732 732 735 734 734 735 735 736 736 737 737 737 737 738 739 739 741 741 741 742 742 742 741 742 742 743 744 744 744 745 747 746 746 746 746 746 747 750 750 750 750 751 753 753 754 754 754 752 752 753 753 754 754 755 756 756 756 757 758 758 759 758 758 759 760 760 760 760 762 761 761 761 764 764 763 764 764
728 728 728 728 729 730 729 729 729 729 729 732 732 732 732 732 733 732 735 735 735 735 735 735 736 736 737 737 737 739 739 739 740 741 741 741 742 742 741 741 742 742 743 743 743 744 747 746 746 746 746 746 746 750 750 750 751 752 752 753 754 754 753 752 752 753 753 754 754 754 756 756 756 756 758 758 759 759 758 758 758 760 761 760 760 760 760 760 762 765 765 763 763 764
728 728 728 730 730 730 729 729 729 729 732 732 732 732 733 732 733 733 735 735 735 734 735 735 736 737 738 739 739 739 740 740 741 741 741 741 742 742 741 742 742 743 743 744 744 743 744 745 746 746 746 746 746 750 751 751 752 752 753 754 754 753 752 752 753 753 754 754 755 755 756 756 756 756 758 759 758 758 758 758 761 761 761 760 760 760 761 762 763 763 761 762 762 763
728 729 729 730 730 730 729 729 730 730 732 732 732 732 732 733 733 735 734 735 734 734 735 735 738 739 739 739 740 740 740 740 741 741 741 741 742 742 742 743 743 743 744 743 743 744 744 744 745 745 745 750 751 751 752 752 752 752 752 754 754 754 753 754 753 753 754 755 755 755 756 756 756 758 759 758 758 758 758 760 761 761 760 760 760 761 762 762 762 761 761 762 763 763
729 729 730 730 730 730 730 730 730 731 732 732 732 733 734 734 733 735 735 735 734 734 736 737 739 739 739 740 740 740 740 741 741 741 741 741 742 741 743 743 743 744 743 743 743 744 744 745 745 746 745 748 749 751 751 751 752 752 754 754 752 754 754 753 753 755 755 755 755 756 756 756 758 759 759 758 758 758 759 760 760 761 760 760 761 761 762 762 761 761 761 763 768 765
729 730 730 730 730 730 730 730 731 732 732 733 733 733 733 733 734 734 734 733 736 736 737 739 739 740 740 740 740 740 741 741 741 741 741 741 741 743 743 743 743 743 743 743 744 744 744 746 746 747 748 749 750 751 751 751 751 751 753 752 752 753 753 753 755 755 755 755 755 755 757 758 759 759 758 758 759 759 760 760 760 760 760 761 761 761 762 763 761 761 762 765 766 767
729 730 730 730 731 730 730 731 731 732 733 733 733 733 733 734 734 736 736 734 737 737 738 740 740 740 740 740 740 740 741 741 741 741 741 741 743 742 743 743 743 743 743 744 745 745 746 746 748 748 749 750 750 751 751 751 751 751 752 751 752 752 752 754 755 755 755 757 757 759 757 759 759 758 758 759 759 759 760 760 761 760 761 761 761 762 761 761 763 765 765 766 765 765
730 731 731 731 731 731 730 731 732 733 733 733 733 734 736 735 735 735 736 738 737 737 740 740 740 740 740 740 740 741 741 741 741 742 742 743 743 743 743 743 743 744 744 745 745 745 745 746 748 749 750 750 750 750 751 751 750 751 751 752 752 753 753 753 754 754 755 755 756 757 759 759 758 758 759 759 759 759 760 760 759 761 761 762 763 761 763 764 765 765 768 766 767 767
731 731 731 731 731 730 732 732 733 733 733 734 734 736 736 735 735 737 737 735 738 739 740 740 740 740 740 740 740 741 741 741 741 742 742 743 744 744 744 744 744 744 745 745 745 745 747 749 749 750 750 750 750 750 750 750 751 752 752 752 753 753 753 754 754 754 754 755 757 757 759 758 758 759 759 759 759 760 760 760 761 763 764 767 768 763 764 764 768 764 769 769 767 767
730 730 730 732 731 734 731 731 733 733 734 734 734 736 736 737 737 737 738 736 737 738 740 740 740 740 740 740 741 742 742 743 744 744 743 745 744 744 743 743 744 744 745 745 747 747 749 749 749 750 750 751 750 751 750 750 752 754 753 753 753 753 754 754 754 754 755 755 756 755 757 758 758 758 759 759 761 761 760 760 760 763 765 768 767 767 764 764 766 767 767 767 767 767
730 730 732 731 731 733 736 733 733 736 736 737 738 738 738 737 738 739 735 740 738 740 738 741 741 738 740 741 741 743 741 742 743 742 742 744 743 743 743 743 743 744 745 748 748 748 748 748 749 749 751 751 751 749 749 750 752 754 753 753 753 753 754 754 754 755 755 756 755 757 758 758 758 758 758 758 759 759 762 762 762 762 761 763 764 764 764 765 768 767 767 767 767 767
733 734 735 735 737 737 737 737 738 735 738 739 740 740 740 740 739 739 739 740 739 740 740 739 739 739 740 739 740 740 742 742 742 743 744 744 743 743 743 743 744 746 747 747 747 747 748 749 749 749 750 749 750 749 750 751 752 754 752 752 752 752 753 753 754 754 755 754 755 758 758 758 758 759 758 759 760 761 761 760 761 762 763 764 764 765 765 765 767 767 767 767 767 767
734 734 736 737 737 737 738 738 741 741 740 739 738 739 740 740 742 742 742 742 742 740 740 740 739 738 739 741 741 741 741 742 741 742 744 744 743 743 743 744 746 747 747 747 747 748 749 749 750 750 750 748 750 750 752 752 753 753 753 752 752 753 753 754 754 755 755 755 756 756 757 757 758 758 759 760 761 761 768 760 766 762 763 763 764 765 765 765 767 769 770 767 767 768
734 735 735 736 738 738 739 739 740 738 739 739 739 737 739 739 742 742 742 742 741 740 739 739 742 742 741 741 741 741 741 741 742 743 743 744 745 744 747 747 747 747 747 747 748 749 749 749 750 750 750 750 751 752 752 752 753 753 755 756 755 754 754 756 756 755 755 757 757 758 758 759 758 758 759 760 760 760 760 760 761 763 763 763 764 764 764 766 766 767 768 768 768 768
735 735 736 736 738 738 738 739 738 739 738 738 738 739 739 739 741 744 744 744 743 742 741 740 741 741 741 741 742 741 741 743 743 743 743 743 744 745 747 747 747 747 747 748 747 749 750 750 750 751 751 751 752 752 753 767 755 752 756 756 757 761 759 757 757 756 757 757 758 758 759 758 758 759 760 760 760 761 761 760 764 764 763 764 762 763 763 763 765 765 767 768 768 769
737 737 738 738 738 738 739 738 739 739 738 737 739 739 740 740 741 741 744 748 743 741 740 741 741 741 741 741 741 741 743 743 743 744 746 747 748 751 746 753 746 747 747 748 749 749 749 750 752 753 754 753 753 753 753 754 751 756 756 757 757 761 757 757 757 757 757 757 758 761 759 758 759 760 760 761 761 761 762 763 762 762 762 763 763 763 763 764 764 765 767 767 771 769
737 738 738 741 741 742 740 740 739 739 737 738 739 740 745 743 743 743 743 743 747 740 740 741 740 741 741 740 741 741 742 742 742 743 744 745 751 747 746 746 746 746 746 746 748 748 748 753 748 749 750 751 753 753 753 753 750 756 757 758 757 757 757 757 758 757 757 757 757 757 758 759 760 761 761 761 761 760 759 760 762 763 763 763 763 763 763 764 765 766 767 772 768 769
736 738 738 738 740 740 740 740 740 739 739 738 739 740 743 748 743 743 743 743 747 743 741 741 740 740 741 741 744 748 742 742 742 744 745 745 746 746 746 746 746 746 746 746 747 747 747 749 749 749 749 752 752 752 752 754 755 757 758 757 757 757 757 756 756 757 757 757 757 757 758 759 760 761 761 761 760 759 760 761 764 763 763 763 763 763 765 765 765 770 773 772 774 773
