rasters/Clipped_Flanders/FlandersBio4.asc
ncols        404
nrows        99
xllcorner    2.541666656550
yllcorner    50.683333250650
cellsize     0.008333333300
NODATA_value -9999
[rows 38 to 75 of 99, columns 84 to 167 of 404]
5134 5140 5135 5124 5140 5133 5148 5141 5180 5171 5150 5172 5183 5186 5169 5182 5182 5182 5171 5163 5167 5182 5182 5180 5194 5201 5197 5183 5195 5201 5217 5204 5223 5243 5231 5239 5227 5234 5246 5232 5246 5246 5249 5256 5248 5268 5271 5285 5298 5287 5292 5292 5300 5317 5315 5315 5313 5300 5320 5299 5299 5303 5301 5315 5328 5328 5328 5316 5320 5320 5330 5354 5336 5360 5380 5373 5384 5369 5384 5357 5333 5377 5378 5368
5131 5138 5117 5126 5137 5160 5152 5161 5166 5161 5154 5158 5166 5175 5180 5200 5189 5179 5174 5179 5181 5182 5190 5196 5202 5202 5227 5195 5204 5220 5224 5233 5230 5239 5228 5236 5228 5223 5234 5234 5240 5255 5236 5249 5260 5263 5245 5252 5284 5239 5303 5308 5319 5317 5304 5300 5301 5320 5299 5308 5312 5310 5323 5328 5331 5331 5339 5336 5338 5342 5323 5374 5341 5372 5342 5377 5393 5382 5357 5379 5324 5368 5368 5398
5117 5120 5120 5136 5132 5140 5162 5152 5174 5154 5166 5169 5171 5168 5177 5179 5190 5177 5163 5180 5189 5193 5194 5187 5201 5194 5196 5239 5233 5209 5227 5240 5214 5222 5221 5221 5221 5236 5220 5228 5240 5243 5275 5279 5266 5269 5266 5285 5282 5323 5323 5280 5293 5293 5293 5311 5309 5288 5281 5288 5300 5292 5298 5301 5316 5325 5327 5330 5323 5323 5341 5382 5379 5369 5358 5368 5382 5380 5385 5373 5368 5387 5396 5358
5126 5126 5115 5126 5129 5130 5133 5127 5146 5129 5139 5157 5157 5148 5160 5160 5160 5165 5171 5172 5183 5178 5191 5187 5189 5233 5192 5200 5204 5204 5233 5227 5226 5221 5232 5236 5236 5243 5250 5253 5263 5266 5266 5252 5271 5300 5300 5300 5323 5323 5324 5298 5286 5285 5281 5269 5281 5288 5291 5289 5300 5303 5301 5331 5327 5301 5301 5325 5321 5341 5371 5379 5379 5371 5359 5349 5376 5376 5376 5397 5405 5407 5402 5418
5118 5102 5127 5117 5116 5131 5138 5128 5145 5132 5119 5135 5149 5151 5157 5148 5148 5148 5176 5157 5178 5186 5201 5207 5226 5207 5208 5206 5199 5193 5202 5222 5210 5243 5239 5239 5219 5235 5235 5247 5266 5247 5292 5289 5300 5300 5311 5316 5313 5298 5284 5272 5272 5281 5282 5326 5302 5300 5288 5312 5301 5319 5311 5310 5344 5318 5330 5341 5359 5371 5362 5372 5359 5359 5344 5376 5376 5373 5380 5407 5402 5407 5402 5406
5116 5112 5116 5125 5125 5126 5125 5125 5125 5124 5136 5147 5130 5145 5154 5162 5177 5165 5167 5182 5194 5194 5199 5195 5204 5191 5203 5199 5210 5214 5205 5224 5222 5243 5243 5227 5244 5253 5260 5253 5269 5277 5281 5305 5305 5310 5310 5302 5288 5280 5269 5270 5278 5282 5284 5306 5288 5309 5306 5310 5317 5329 5325 5316 5320 5338 5348 5371 5369 5372 5368 5357 5359 5344 5376 5378 5398 5392 5369 5402 5396 5406 5406 5399
5110 5124 5132 5121 5110 5121 5135 5124 5152 5138 5138 5138 5138 5160 5175 5186 5189 5200 5200 5189 5194 5188 5193 5203 5189 5188 5209 5214 5209 5197 5233 5221 5219 5251 5244 5257 5233 5232 5286 5284 5300 5300 5311 5312 5318 5290 5281 5281 5281 5293 5281 5294 5286 5295 5291 5309 5289 5303 5317 5309 5309 5316 5323 5327 5350 5369 5336 5383 5383 5371 5359 5349 5364 5365 5375 5377 5392 5402 5402 5396 5398 5391 5360 5399
5124 5132 5122 5122 5128 5127 5153 5143 5150 5150 5150 5150 5152 5160 5195 5167 5194 5194 5193 5183 5171 5190 5210 5206 5206 5209 5219 5237 5224 5231 5249 5260 5240 5230 5256 5265 5282 5254 5254 5310 5310 5315 5307 5278 5283 5281 5293 5281 5299 5290 5305 5275 5277 5272 5277 5312 5317 5309 5324 5329 5316 5319 5341 5333 5342 5344 5383 5372 5359 5349 5349 5363 5359 5381 5381 5392 5402 5391 5402 5402 5378 5369 5392 5401
5121 5113 5105 5120 5131 5158 5142 5138 5150 5155 5175 5146 5173 5182 5179 5170 5201 5188 5211 5189 5185 5186 5185 5206 5217 5210 5236 5236 5251 5259 5259 5260 5260 5263 5254 5277 5294 5279 5248 5268 5273 5269 5279 5292 5287 5293 5270 5284 5307 5284 5286 5287 5278 5284 5324 5296 5324 5302 5301 5299 5312 5323 5342 5342 5375 5372 5368 5357 5344 5356 5363 5359 5371 5379 5380 5389 5387 5394 5385 5379 5392 5390 5397 5406
5126 5129 5139 5121 5130 5147 5150 5164 5147 5128 5158 5142 5185 5197 5190 5190 5211 5221 5195 5184 5195 5217 5228 5217 5236 5262 5271 5281 5270 5258 5270 5264 5261 5240 5245 5248 5248 5270 5248 5273 5279 5289 5299 5299 5301 5278 5290 5273 5284 5273 5266 5284 5294 5302 5292 5291 5290 5289 5288 5323 5343 5353 5350 5350 5370 5359 5343 5352 5358 5363 5365 5371 5389 5378 5383 5392 5387 5362 5366 5390 5397 5390 5406 5415
5131 5134 5129 5139 5147 5176 5176 5162 5141 5152 5152 5125 5125 5191 5191 5174 5205 5193 5205 5228 5216 5217 5205 5209 5229 5225 5270 5281 5264 5256 5252 5252 5248 5252 5256 5256 5268 5285 5292 5301 5297 5297 5285 5274 5280 5303 5269 5278 5274 5282 5294 5306 5287 5289 5289 5297 5286 5309 5322 5325 5350 5350 5350 5372 5345 5342 5353 5357 5352 5352 5382 5387 5394 5378 5376 5359 5351 5377 5397 5397 5397 5405 5422 5405
5138 5134 5138 5139 5139 5150 5139 5140 5170 5175 5183 5183 5146 5176 5176 5185 5210 5198 5203 5206 5200 5214 5219 5244 5205 5225 5237 5264 5237 5256 5248 5244 5252 5256 5268 5269 5294 5285 5285 5297 5278 5270 5274 5280 5303 5269 5276 5276 5294 5282 5289 5297 5308 5304 5301 5294 5313 5343 5350 5350 5352 5354 5361 5350 5339 5365 5350 5356 5352 5387 5378 5378 5384 5376 5359 5372 5375 5375 5386 5401 5405 5422 5397 5388
5152 5132 5152 5160 5141 5144 5157 5161 5164 5167 5205 5164 5171 5176 5219 5198 5206 5210 5191 5213 5202 5226 5237 5216 5203 5226 5256 5268 5238 5252 5259 5253 5250 5259 5269 5253 5273 5273 5267 5289 5291 5293 5255 5288 5285 5294 5285 5280 5287 5287 5295 5306 5275 5294 5286 5310 5333 5352 5352 5345 5354 5354 5339 5339 5359 5359 5352 5368 5385 5370 5384 5382 5383 5379 5381 5375 5388 5388 5397 5414 5422 5385 5394 5392
5132 5153 5153 5155 5181 5188 5175 5175 5157 5187 5167 5178 5180 5216 5207 5207 5202 5224 5224 5213 5216 5211 5194 5210 5215 5251 5274 5252 5252 5263 5260 5256 5259 5256 5260 5260 5271 5276 5292 5309 5290 5288 5257 5275 5271 5268 5280 5280 5287 5295 5306 5283 5298 5300 5325 5343 5337 5345 5354 5354 5339 5334 5344 5345 5341 5350 5361 5375 5394 5398 5399 5381 5373 5375 5376 5388 5398 5407 5422 5403 5384 5399 5397 5404
5165 5167 5170 5171 5169 5169 5167 5178 5178 5171 5167 5167 5213 5209 5219 5210 5226 5215 5213 5201 5213 5226 5200 5215 5215 5236 5253 5250 5257 5271 5249 5254 5262 5279 5262 5264 5269 5294 5294 5297 5276 5264 5273 5266 5270 5279 5280 5287 5290 5281 5287 5278 5314 5324 5328 5328 5345 5325 5320 5320 5332 5335 5337 5349 5352 5374 5383 5398 5398 5388 5373 5386 5376 5376 5388 5388 5394 5422 5401 5375 5391 5397 5404 5404
5152 5164 5160 5148 5151 5151 5151 5176 5165 5179 5192 5198 5202 5204 5193 5215 5202 5210 5210 5241 5241 5252 5220 5246 5270 5246 5259 5276 5261 5248 5287 5256 5256 5249 5249 5256 5267 5276 5295 5295 5295 5292 5266 5268 5298 5292 5282 5277 5279 5290 5291 5296 5296 5337 5320 5316 5333 5340 5344 5338 5366 5354 5352 5363 5374 5344 5377 5366 5377 5375 5386 5382 5382 5388 5388 5384 5412 5388 5375 5391 5386 5386 5402 5421
5171 5190 5192 5167 5151 5162 5151 5160 5168 5181 5200 5195 5206 5220 5213 5220 5220 5218 5230 5252 5252 5273 5273 5263 5263 5262 5261 5278 5244 5234 5244 5242 5244 5247 5259 5278 5288 5295 5292 5292 5287 5276 5283 5286 5297 5279 5273 5278 5275 5297 5317 5328 5337 5337 5337 5337 5335 5355 5360 5347 5358 5352 5381 5381 5337 5377 5360 5375 5375 5388 5388 5394 5392 5382 5401 5393 5371 5381 5391 5386 5398 5396 5407 5444
5145 5173 5168 5196 5155 5176 5184 5175 5198 5199 5206 5208 5230 5218 5206 5207 5233 5241 5250 5262 5248 5252 5261 5262 5246 5261 5245 5255 5237 5237 5244 5244 5255 5265 5267 5283 5294 5286 5286 5269 5274 5285 5270 5282 5290 5302 5290 5290 5301 5307 5318 5328 5333 5335 5326 5338 5351 5376 5384 5354 5354 5343 5381 5400 5386 5391 5386 5386 5388 5394 5380 5386 5386 5385 5382 5391 5375 5395 5386 5396 5402 5417 5444 5429
5153 5155 5175 5155 5188 5196 5192 5193 5193 5212 5210 5212 5207 5207 5217 5237 5209 5209 5230 5247 5227 5250 5235 5235 5223 5230 5231 5240 5230 5230 5238 5249 5262 5267 5260 5281 5281 5265 5280 5258 5278 5278 5284 5298 5284 5294 5302 5288 5317 5318 5308 5325 5329 5329 5338 5347 5356 5341 5354 5360 5347 5339 5347 5367 5375 5395 5386 5386 5392 5390 5380 5398 5387 5382 5391 5381 5395 5366 5391 5400 5438 5425 5438 5437
5150 5174 5179 5203 5170 5198 5190 5213 5214 5202 5202 5216 5201 5203 5198 5203 5203 5223 5236 5233 5243 5250 5238 5256 5223 5225 5225 5233 5233 5260 5260 5248 5248 5264 5264 5271 5279 5278 5280 5275 5284 5278 5278 5276 5282 5305 5305 5318 5310 5327 5318 5316 5338 5354 5354 5372 5360 5360 5356 5349 5330 5339 5359 5376 5380 5378 5377 5385 5393 5380 5379 5391 5373 5395 5379 5356 5364 5402 5400 5421 5432 5434 5422 5432
5156 5185 5191 5191 5202 5210 5201 5206 5207 5195 5205 5216 5212 5214 5211 5224 5215 5224 5232 5215 5231 5224 5250 5233 5247 5242 5245 5261 5246 5265 5273 5267 5250 5256 5257 5238 5260 5254 5274 5274 5276 5276 5288 5281 5301 5310 5327 5290 5294 5321 5345 5355 5365 5365 5356 5357 5345 5349 5335 5339 5371 5326 5330 5359 5394 5366 5384 5392 5376 5378 5385 5385 5376 5380 5374 5364 5400 5421 5424 5432 5420 5430 5421 5415
5185 5181 5193 5193 5202 5198 5174 5194 5198 5198 5196 5211 5211 5223 5207 5225 5225 5249 5254 5212 5224 5240 5247 5247 5245 5250 5267 5256 5260 5260 5265 5269 5248 5249 5249 5254 5269 5277 5272 5276 5294 5296 5298 5296 5327 5308 5304 5294 5338 5349 5354 5363 5352 5345 5356 5345 5360 5349 5347 5379 5373 5350 5330 5370 5393 5392 5392 5368 5378 5381 5384 5378 5369 5376 5389 5407 5419 5412 5412 5423 5429 5402 5394 5433
5162 5164 5186 5182 5194 5196 5196 5205 5196 5200 5198 5198 5200 5215 5215 5233 5206 5221 5220 5227 5232 5240 5255 5250 5250 5247 5256 5267 5267 5242 5250 5253 5247 5252 5247 5277 5264 5274 5272 5292 5303 5306 5326 5323 5303 5294 5341 5349 5340 5351 5343 5341 5334 5336 5349 5349 5369 5349 5369 5365 5376 5381 5373 5388 5352 5390 5407 5401 5371 5379 5379 5364 5393 5389 5411 5399 5419 5454 5443 5399 5394 5426 5421 5433
5173 5170 5171 5192 5197 5197 5177 5213 5216 5208 5227 5211 5204 5204 5216 5221 5220 5232 5254 5232 5244 5232 5236 5240 5230 5230 5230 5230 5230 5253 5229 5259 5267 5282 5293 5292 5290 5308 5303 5303 5314 5313 5356 5305 5303 5340 5340 5347 5354 5371 5371 5345 5353 5357 5350 5352 5340 5365 5376 5376 5371 5383 5375 5388 5368 5371 5382 5370 5371 5368 5370 5388 5407 5445 5440 5418 5409 5402 5409 5409 5402 5413 5437 5437
5166 5189 5189 5201 5197 5198 5210 5199 5202 5213 5232 5217 5237 5227 5244 5216 5226 5229 5206 5219 5228 5226 5247 5237 5237 5237 5250 5238 5234 5259 5245 5285 5282 5302 5300 5304 5306 5324 5304 5312 5300 5292 5303 5301 5309 5328 5345 5351 5368 5368 5353 5352 5352 5342 5342 5366 5347 5376 5361 5367 5369 5365 5357 5352 5358 5376 5371 5392 5389 5411 5424 5408 5416 5450 5429 5402 5402 5396 5401 5413 5433 5451 5440 5448
5189 5198 5203 5181 5204 5221 5204 5207 5219 5217 5207 5192 5202 5192 5209 5213 5235 5200 5205 5248 5248 5238 5237 5237 5264 5269 5245 5263 5281 5281 5274 5299 5292 5314 5304 5304 5310 5312 5312 5294 5290 5305 5327 5317 5327 5340 5368 5368 5352 5353 5343 5348 5342 5332 5338 5367 5377 5363 5355 5376 5366 5343 5370 5379 5374 5371 5397 5408 5422 5426 5431 5416 5406 5421 5429 5407 5403 5402 5402 5413 5433 5456 5448 5435
5193 5193 5206 5188 5185 5196 5206 5184 5205 5215 5209 5219 5222 5231 5242 5215 5246 5229 5240 5249 5250 5264 5258 5267 5269 5269 5263 5281 5281 5284 5307 5320 5304 5312 5312 5312 5308 5306 5305 5301 5327 5332 5330 5330 5347 5358 5343 5341 5344 5353 5350 5350 5342 5346 5371 5371 5353 5373 5381 5359 5367 5370 5391 5374 5386 5397 5397 5422 5397 5418 5419 5426 5418 5428 5419 5399 5402 5411 5434 5449 5471 5467 5442 5442
5201 5202 5195 5195 5215 5203 5203 5196 5195 5206 5198 5230 5208 5231 5203 5229 5250 5259 5250 5249 5273 5282 5267 5267 5272 5263 5272 5290 5295 5273 5290 5334 5300 5312 5306 5306 5323 5306 5330 5330 5323 5323 5321 5323 5341 5325 5353 5353 5353 5350 5344 5349 5362 5349 5377 5371 5373 5350 5348 5355 5376 5376 5366 5381 5389 5397 5411 5411 5407 5416 5409 5408 5410 5410 5417 5418 5423 5438 5449 5464 5452 5452 5435 5440
5197 5199 5204 5192 5225 5225 5221 5230 5220 5237 5222 5209 5237 5256 5248 5246 5243 5273 5257 5293 5284 5303 5293 5283 5281 5269 5284 5289 5312 5279 5275 5286 5298 5298 5315 5294 5315 5315 5315 5315 5315 5323 5320 5325 5353 5344 5359 5334 5350 5348 5349 5349 5379 5359 5379 5367 5355 5363 5367 5388 5359 5368 5361 5380 5392 5392 5420 5410 5432 5399 5399 5412 5396 5396 5422 5438 5436 5441 5444 5455 5470 5427 5432 5427
5197 5214 5209 5221 5221 5230 5219 5228 5230 5235 5240 5253 5239 5249 5241 5239 5263 5250 5288 5279 5309 5279 5291 5277 5285 5278 5304 5290 5319 5271 5266 5275 5287 5311 5315 5315 5305 5315 5311 5311 5320 5325 5344 5344 5353 5353 5350 5334 5351 5351 5346 5359 5379 5368 5356 5356 5384 5358 5370 5354 5357 5397 5403 5411 5395 5411 5422 5421 5421 5421 5401 5387 5403 5416 5448 5455 5454 5449 5460 5447 5438 5421 5448 5435
5208 5220 5207 5241 5232 5257 5229 5243 5248 5251 5247 5258 5265 5252 5274 5282 5272 5249 5270 5262 5254 5248 5248 5266 5279 5291 5258 5263 5261 5275 5287 5290 5301 5305 5305 5316 5316 5315 5310 5310 5325 5344 5338 5344 5338 5334 5335 5351 5357 5357 5354 5350 5350 5369 5373 5375 5351 5349 5379 5372 5368 5378 5399 5405 5426 5421 5402 5375 5398 5398 5407 5413 5409 5434 5454 5445 5441 5439 5440 5417 5407 5435 5429 5457
5222 5234 5245 5245 5233 5213 5233 5240 5257 5241 5233 5252 5225 5239 5253 5257 5266 5254 5260 5255 5261 5258 5263 5266 5281 5278 5275 5286 5299 5288 5290 5305 5294 5300 5300 5313 5340 5312 5313 5313 5322 5327 5338 5318 5346 5346 5346 5346 5351 5359 5364 5361 5354 5354 5365 5395 5395 5358 5379 5381 5397 5411 5402 5406 5421 5394 5421 5388 5381 5387 5399 5411 5411 5455 5441 5460 5450 5419 5417 5425 5460 5434 5454 5448
5233 5246 5225 5229 5239 5232 5200 5237 5231 5211 5219 5220 5215 5257 5241 5243 5260 5274 5262 5266 5248 5270 5284 5284 5277 5275 5290 5288 5299 5299 5299 5301 5301 5303 5340 5314 5318 5318 5337 5333 5330 5321 5316 5346 5346 5340 5357 5351 5351 5340 5356 5337 5338 5340 5352 5377 5385 5383 5384 5392 5421 5402 5405 5406 5399 5403 5395 5372 5385 5398 5411 5426 5445 5451 5448 5450 5449 5438 5427 5417 5447 5456 5457 5462
5231 5225 5220 5207 5217 5210 5211 5211 5208 5214 5237 5243 5245 5251 5271 5243 5271 5275 5270 5271 5270 5283 5266 5265 5277 5275 5288 5292 5301 5301 5301 5311 5300 5322 5312 5310 5321 5332 5323 5326 5343 5324 5338 5332 5346 5357 5340 5340 5350 5358 5375 5372 5370 5370 5387 5393 5372 5389 5400 5405 5395 5371 5382 5397 5398 5392 5392 5397 5388 5411 5398 5426 5441 5452 5425 5438 5427 5427 5434 5434 5450 5460 5473 5478
5200 5219 5231 5228 5217 5206 5242 5224 5221 5243 5221 5243 5254 5274 5266 5274 5270 5265 5270 5258 5264 5281 5275 5273 5272 5279 5292 5301 5288 5311 5309 5317 5331 5307 5313 5341 5322 5327 5325 5324 5328 5340 5348 5343 5345 5341 5356 5364 5373 5365 5358 5370 5370 5370 5400 5384 5382 5363 5406 5400 5371 5398 5370 5375 5367 5383 5389 5425 5431 5411 5448 5429 5439 5437 5427 5427 5408 5447 5456 5485 5479 5456 5438 5469
5226 5217 5194 5208 5208 5234 5255 5241 5247 5240 5262 5274 5266 5258 5270 5268 5268 5256 5262 5262 5250 5261 5282 5270 5287 5305 5303 5310 5312 5320 5314 5301 5325 5316 5315 5321 5332 5314 5333 5333 5359 5349 5353 5353 5349 5356 5352 5356 5363 5372 5366 5352 5346 5360 5387 5394 5396 5377 5386 5382 5361 5382 5372 5368 5383 5368 5403 5417 5436 5445 5430 5431 5441 5427 5416 5416 5408 5416 5448 5458 5462 5453 5453 5461
5217 5210 5245 5234 5237 5230 5230 5229 5249 5261 5272 5256 5256 5258 5262 5273 5273 5265 5265 5274 5286 5279 5290 5267 5267 5288 5296 5301 5304 5338 5332 5307 5336 5293 5317 5320 5325 5329 5333 5324 5340 5340 5336 5335 5361 5372 5342 5347 5365 5350 5339 5343 5343 5371 5368 5366 5394 5388 5401 5389 5398 5389 5399 5419 5394 5415 5413 5432 5416 5432 5437 5425 5425 5414 5430 5416 5456 5441 5452 5462 5463 5452 5464 5435
5234 5223 5245 5234 5227 5225 5215 5259 5244 5246 5256 5249 5255 5263 5255 5239 5245 5267 5267 5270 5278 5268 5267 5279 5295 5306 5280 5292 5304 5336 5296 5326 5323 5343 5314 5337 5338 5324 5328 5342 5337 5345 5340 5322 5342 5346 5350 5349 5351 5349 5336 5346 5375 5378 5366 5389 5381 5380 5387 5389 5377 5418 5407 5409 5425 5447 5423 5423 5415 5427 5425 5399 5410 5426 5432 5417 5455 5455 5458 5458 5464 5459 5429 5435
