rasters/Clipped_Flanders/FlandersBio4.asc
ncols        404
nrows        99
xllcorner    2.541666656550
yllcorner    50.683333250650
cellsize     0.008333333300
NODATA_value -9999
[rows 38 to 75 of 99, columns 0 to 83 of 404]
-9999 -9999 -9999 -9999 -9999 -9999 -9999 -9999 -9999 -9999 -9999 -9999 -9999 -9999 -9999 -9999 -9999 -9999 -9999 -9999 -9999 -9999 -9999 -9999 -9999 -9999 -9999 -9999 -9999 -9999 -9999 -9999 4933 4952 4952 4943 4960 4960 4949 4938 4938 4953 4973 4996 5000 4992 4992 4992 4992 4988 4978 4975 4977 4985 4986 4984 5005 5003 5013 5006 5017 5029 5018 5026 5022 5036 5030 5040 5046 5048 5056 5036 5062 5047 5065 5080 5097 5087 5121 5087 5103 5125 5125 5146
-9999 -9999 -9999 -9999 -9999 -9999 -9999 -9999 -9999 -9999 -9999 -9999 -9999 -9999 -9999 -9999 -9999 -9999 -9999 -9999 -9999 -9999 -9999 -9999 -9999 -9999 -9999 -9999 -9999 -9999 4936 4949 4925 4934 4937 4956 4947 4935 4956 4951 4959 4956 4978 4985 5006 4994 4994 4956 4980 4965 4974 4974 4974 4974 4985 4985 4983 4998 5011 5027 5024 5007 5043 5023 5034 5034 5023 5048 5048 5041 5046 5040 5040 5076 5076 5064 5073 5079 5084 5102 5093 5111 5123 5122
-9999 -9999 -9999 -9999 -9999 -9999 -9999 -9999 -9999 -9999 -9999 -9999 -9999 -9999 -9999 -9999 -9999 -9999 -9999 -9999 -9999 -9999 -9999 -9999 -9999 -9999 -9999 4917 4930 4912 4933 4912 4935 4925 4947 4937 4947 4935 4950 4950 4950 4950 4953 4970 4986 4973 4983 4989 4981 4972 4972 4962 4962 4962 4983 4983 5009 5036 5024 5026 5026 5018 5024 5034 5034 5046 5048 5059 5057 5050 5037 5048 5060 5087 5100 5073 5078 5086 5079 5093 5109 5109 5120 5117
-9999 -9999 -9999 -9999 -9999 -9999 -9999 -9999 -9999 -9999 -9999 -9999 -9999 -9999 -9999 -9999 -9999 -9999 -9999 -9999 -9999 -9999 -9999 -9999 4923 4914 4914 4948 4938 4931 4911 4920 4953 4953 4953 4966 4965 4942 4968 4958 4958 4968 4958 4973 4999 4998 4999 4982 4978 4962 4972 4972 4972 4983 5008 5016 5036 5017 5044 5027 5046 5050 5058 5029 5066 5061 5050 5049 5068 5075 5048 5065 5076 5091 5061 5092 5087 5079 5071 5104 5115 5104 5126 5126
-9999 -9999 -9999 -9999 -9999 -9999 -9999 -9999 -9999 -9999 -9999 -9999 -9999 -9999 -9999 -9999 -9999 -9999 -9999 -9999 -9999 -9999 4930 4930 4932 4942 4932 4925 4936 4940 4926 4935 4947 4947 4947 4959 4969 4972 4964 4973 4982 4963 4968 4996 4994 4998 4996 4993 4972 4972 4984 4998 4992 5026 4998 4998 5019 5024 5035 5026 5020 5006 5018 5047 5062 5062 5079 5069 5069 5072 5082 5074 5080 5072 5089 5087 5082 5076 5092 5116 5123 5117 5098 5106
-9999 -9999 -9999 -9999 -9999 -9999 -9999 -9999 -9999 -9999 -9999 -9999 -9999 -9999 -9999 -9999 -9999 -9999 -9999 4948 4938 4931 4930 4940 4955 4940 4940 4956 4951 4951 4950 4935 4946 4947 4947 4959 4982 4970 4970 4973 4994 4994 5016 5016 5016 5028 5013 5013 5003 4999 4999 4999 4999 4987 4997 5008 5028 5012 5022 5024 5028 5030 5033 5051 5055 5065 5052 5060 5065 5098 5086 5084 5098 5078 5078 5091 5089 5092 5106 5106 5116 5123 5116 5118
-9999 -9999 -9999 -9999 -9999 -9999 -9999 -9999 -9999 -9999 -9999 -9999 -9999 -9999 -9999 -9999 4931 4944 4943 4951 4949 4951 4964 4944 4957 4956 4944 4944 4956 4966 4968 4968 4935 4952 4947 4944 4982 4970 4979 4982 4982 4999 5016 5007 5011 5013 5019 4999 4999 4999 4999 4988 4999 5007 5022 5009 5019 5026 5020 5034 5046 5048 5047 5058 5071 5079 5082 5067 5095 5095 5084 5084 5087 5065 5071 5085 5110 5112 5112 5140 5133 5094 5088 5118
-9999 -9999 -9999 -9999 -9999 -9999 -9999 -9999 -9999 -9999 -9999 -9999 -9999 4941 4931 4964 4936 4924 4926 4940 4937 4940 4940 4958 4965 4944 4944 4936 4948 4958 4958 4955 4951 4951 4945 4954 4957 4972 4960 4975 4970 4993 5009 5011 5011 5007 4996 4990 4990 5001 5001 4990 5020 5013 5014 5020 5040 5020 5007 5033 5062 5064 5060 5049 5051 5051 5045 5050 5081 5087 5068 5087 5075 5079 5088 5100 5110 5099 5097 5124 5100 5097 5108 5136
-9999 -9999 -9999 -9999 -9999 -9999 -9999 -9999 -9999 -9999 4948 4942 4942 4938 4954 4949 4964 4960 4944 4922 4939 4951 4940 4940 4940 4950 4961 4949 4961 4968 4957 4954 4954 4957 4962 4971 4983 4970 4978 4978 4978 4971 5000 5000 4985 4975 4975 4988 4988 4997 4997 5018 5025 5025 5031 5057 5044 5039 5045 5042 5043 5032 5056 5069 5034 5075 5048 5066 5076 5096 5106 5095 5091 5102 5111 5101 5113 5101 5087 5086 5108 5095 5102 5104
-9999 -9999 -9999 -9999 -9999 -9999 -9999 4900 4911 4951 4946 4946 4946 4946 4958 4949 4961 4942 4952 4956 4939 4947 4958 4936 4936 4946 4958 4933 4936 4953 4964 4964 4966 4956 4967 4967 4975 4985 4990 4990 4983 4993 4993 5005 4990 4990 4975 4995 4991 5001 5033 5010 5031 5037 5057 5074 5036 5028 5039 5052 5055 5063 5075 5078 5043 5058 5083 5084 5076 5077 5112 5105 5101 5097 5097 5095 5102 5098 5097 5113 5136 5136 5104 5111
-9999 -9999 -9999 -9999 -9999 4918 4954 4941 4943 4932 4935 4946 4958 4943 4934 4946 4958 4941 4953 4966 4966 4947 4947 4947 4946 4966 4955 4933 4946 4946 4946 4978 4978 4978 4978 4978 4982 4986 5000 5000 4993 4993 4984 4992 5014 5001 4992 5023 5018 5031 5032 5029 5056 5019 5045 5018 5018 5032 5052 5063 5063 5063 5060 5043 5046 5089 5050 5084 5101 5095 5109 5097 5084 5084 5089 5095 5076 5076 5093 5130 5103 5113 5136 5111
-9999 -9999 4937 4918 4933 4937 4947 4936 4950 4947 4941 4937 4941 4952 4952 4957 4957 4957 4959 4959 4959 4947 4959 4959 4961 4950 4951 4941 4950 4970 4948 4960 4960 4975 4975 4991 4991 4999 5009 5010 5018 5004 4984 4996 5003 5007 5025 5036 5043 5016 5027 5032 5009 5029 5010 5028 5047 5058 5063 5051 5059 5057 5089 5069 5066 5093 5087 5090 5083 5090 5125 5107 5108 5102 5090 5105 5111 5098 5122 5122 5124 5120 5131 5139
4922 4926 4932 4938 4908 4945 4951 4963 4939 4963 4959 4964 4949 4960 4960 4963 4977 4980 4983 4978 4967 4967 4967 4974 4974 4986 4986 4953 4938 4941 4957 4961 4972 4972 4984 4997 4978 4989 5001 5017 5008 5002 5002 5016 5033 5032 5017 5030 5030 5026 5034 4999 4998 5019 5031 5031 5030 5020 5051 5043 5067 5069 5080 5088 5085 5109 5109 5080 5079 5097 5091 5094 5089 5117 5108 5093 5138 5136 5143 5132 5128 5110 5158 5148
4935 4934 4941 4941 4934 4940 4940 4950 4959 4971 4951 4948 4975 4949 4965 4977 4980 4975 4975 4978 4978 4975 4975 4974 4978 4986 4998 4981 4957 4962 4971 4944 4950 4956 4963 4965 4977 4958 4980 4982 4993 4993 5022 5020 5020 5015 5015 4988 4992 5012 4993 5001 5002 5013 5030 5045 5018 5035 5070 5070 5071 5090 5085 5085 5103 5105 5099 5099 5090 5092 5107 5109 5109 5117 5124 5119 5151 5141 5110 5110 5120 5130 5147 5153
4920 4930 4910 4927 4927 4922 4936 4941 4950 4971 4962 4964 4950 4973 4966 4963 4963 4956 4968 4967 4978 4978 4978 4987 4987 4998 4979 4979 4972 4969 4972 4969 4953 4953 4958 4947 4947 4954 4954 4982 4982 5011 5011 5005 4990 4994 4981 4969 4996 4998 5009 5009 5021 5030 5020 5057 5044 5052 5061 5071 5085 5070 5081 5079 5069 5073 5096 5096 5088 5067 5107 5095 5108 5100 5119 5111 5141 5136 5124 5147 5123 5143 5155 5161
4917 4949 4929 4917 4925 4927 4938 4933 4956 4984 4970 4969 4958 4965 4981 4981 4984 4968 4965 4968 4975 4975 4989 4989 4978 4989 4989 4994 4983 4980 4983 4975 4967 4958 4958 4952 4970 4955 4951 4973 4971 5003 5003 5016 5002 4989 4982 4986 5009 5025 5026 5043 5043 5055 5059 5050 5054 5051 5061 5061 5061 5057 5069 5090 5073 5073 5062 5077 5077 5103 5105 5091 5100 5114 5115 5120 5125 5125 5144 5139 5144 5140 5147 5157
4949 4938 4928 4938 4944 4944 4922 4922 4941 4941 4969 4981 4975 4979 4987 4980 4987 4968 4965 4978 4975 4975 4966 4964 4956 4980 4972 4984 4972 4984 4972 4972 4972 4968 4968 4975 4983 4971 4969 4981 4985 4995 4995 5014 5016 5009 5031 5024 5026 5024 5025 5041 5041 5023 5055 5051 5071 5052 5055 5049 5043 5034 5046 5058 5051 5077 5077 5083 5083 5095 5109 5106 5126 5096 5128 5116 5120 5131 5137 5156 5139 5154 5164 5159
4913 4910 4927 4925 4947 4939 4947 4914 4924 4922 4983 4987 4983 4987 4987 4981 4988 4985 4975 4969 4956 4956 4958 4956 4956 4972 4993 4990 4980 4980 4984 4984 4984 4980 4980 4986 5008 5006 4994 5005 5005 5016 5016 5009 5021 5004 5014 5019 5013 5017 5023 5027 5029 5026 5042 5032 5053 5031 5031 5046 5062 5066 5064 5082 5082 5067 5101 5109 5107 5119 5117 5096 5104 5108 5109 5118 5145 5120 5132 5146 5135 5137 5144 5135
4927 4915 4937 4937 4950 4949 4948 4948 4937 4939 4975 4989 4980 4980 4982 4985 5006 4974 4988 4985 4971 4959 4955 4941 4946 4957 4969 4979 4969 4984 4995 4988 4986 4986 4984 4997 5004 5016 5014 5025 5018 5018 5012 5031 5031 5022 5031 5018 5034 5018 5017 5027 5027 5019 5038 5045 5051 5067 5060 5064 5064 5088 5093 5093 5099 5099 5095 5125 5115 5113 5092 5082 5118 5140 5135 5143 5111 5111 5151 5169 5154 5148 5151 5144
4933 4936 4957 4951 4958 4960 4951 4948 4951 4954 4975 4989 4989 4991 4982 4982 4991 4995 4991 4991 4982 4980 4980 4957 4950 4973 4973 4984 4977 4977 4970 4975 4975 4984 4990 5006 5007 5014 5033 5022 5000 5015 5018 5018 5039 5041 5039 5039 5035 5036 5058 5058 5058 5059 5069 5075 5067 5084 5064 5073 5074 5084 5084 5118 5103 5108 5111 5102 5109 5103 5103 5123 5123 5135 5144 5144 5143 5143 5139 5161 5137 5157 5160 5160
4940 4940 4972 4960 4977 4962 4962 4957 4977 4975 4989 4991 4995 4995 4987 4992 4996 5006 4986 4986 4986 4986 4999 4999 4984 4981 4991 4995 4974 4974 4978 4997 4996 4991 4988 5007 5007 5036 5039 5019 5013 5019 5040 5008 5015 5034 5032 5020 5030 5040 5029 5039 5065 5072 5066 5095 5086 5088 5077 5072 5077 5073 5103 5100 5096 5113 5113 5120 5120 5102 5124 5124 5134 5138 5148 5132 5148 5150 5143 5147 5163 5159 5150 5157
4959 4964 4981 4974 4964 4973 4962 4971 4974 4983 4985 4985 4977 4977 4983 5005 4997 4990 5005 4987 4999 4999 5021 5015 5015 5014 5015 5008 4998 4997 4997 5000 4983 4994 4985 5008 5008 5018 5028 5039 5027 5028 5017 5022 5041 5054 5056 5080 5080 5065 5078 5093 5088 5078 5086 5065 5097 5086 5105 5073 5120 5110 5106 5106 5107 5104 5120 5111 5104 5114 5138 5140 5144 5159 5159 5162 5150 5161 5152 5152 5168 5168 5164 5174
4960 4962 4979 4951 4962 4979 4967 4963 4977 4967 4982 4968 4980 4980 4980 5005 5005 5005 5008 5002 4998 5002 5011 5023 5007 5018 5024 5026 5021 5010 5011 5038 5026 5004 4996 5032 4999 5013 5023 5035 5029 5042 5049 5041 5038 5027 5076 5087 5093 5080 5067 5080 5080 5080 5052 5084 5091 5077 5080 5091 5102 5102 5106 5106 5105 5103 5114 5123 5123 5120 5152 5149 5136 5149 5173 5167 5171 5164 5180 5175 5196 5175 5168 5168
4952 4966 4959 4959 4970 4973 4942 4961 4974 4970 4970 4950 4980 5005 4988 5030 5001 5010 5010 5010 5011 5001 5002 5002 5000 5017 5020 5026 5021 5042 5042 5038 5038 5035 5031 5033 5014 5029 5020 5029 5031 5047 5086 5031 5088 5073 5039 5043 5046 5050 5050 5065 5060 5068 5061 5052 5087 5099 5078 5107 5101 5108 5104 5104 5106 5121 5115 5147 5137 5131 5137 5132 5152 5152 5142 5154 5164 5156 5156 5162 5160 5171 5175 5164
4933 4936 4947 4963 4985 4964 4948 4962 4979 4966 4943 4930 4994 4997 5000 5015 4994 5001 4992 4992 5012 5020 5022 5012 5003 5035 5035 5057 5049 5059 5058 5065 5065 5043 5029 5030 5042 5040 5040 5046 5035 5040 5079 5090 5073 5070 5025 5065 5046 5087 5079 5069 5087 5081 5096 5073 5040 5081 5112 5101 5121 5087 5113 5121 5111 5126 5111 5124 5122 5130 5133 5131 5140 5133 5145 5156 5145 5160 5151 5153 5163 5173 5169 5158
4936 4936 4952 4962 4948 4963 4964 4963 4966 4965 4954 4954 4977 4991 5012 5015 5015 5015 5004 5012 5026 5035 5030 5005 5028 5047 5047 5049 5039 5046 5057 5046 5069 5060 5045 5045 5055 5042 5032 5020 5037 5039 5039 5051 5065 5068 5079 5049 5062 5046 5077 5092 5092 5071 5073 5077 5106 5101 5105 5103 5103 5106 5107 5120 5125 5124 5124 5134 5123 5125 5133 5118 5135 5135 5135 5151 5151 5163 5151 5140 5160 5166 5153 5153
4941 4936 4950 4952 4943 4952 4975 4963 4962 4955 4966 4966 4985 4989 5000 5000 5003 5009 5009 5009 5003 5024 5020 5016 5026 5031 5041 5037 5047 5051 5051 5056 5056 5065 5062 5062 5070 5070 5058 5036 5052 5052 5073 5048 5055 5067 5064 5041 5046 5071 5062 5072 5094 5082 5091 5103 5095 5095 5103 5096 5101 5111 5107 5107 5112 5112 5112 5114 5131 5131 5125 5125 5146 5158 5158 5151 5140 5160 5156 5171 5168 5182 5189 5193
4945 4943 4983 4963 4975 4956 4978 4971 4955 4964 4976 4976 4985 4982 4989 5000 5003 5003 5009 5011 5007 5032 5003 5024 5021 5026 5037 5032 5051 5051 5053 5053 5065 5057 5053 5053 5049 5049 5047 5036 5058 5042 5077 5051 5061 5048 5050 5054 5049 5060 5094 5105 5105 5097 5085 5104 5100 5104 5103 5103 5104 5092 5102 5116 5116 5123 5129 5133 5133 5133 5137 5152 5152 5152 5165 5160 5160 5175 5176 5194 5181 5209 5193 5178
4961 4961 4949 4998 4998 4957 4971 4959 4959 4964 4967 4972 4992 4988 4985 4998 5009 5018 5017 5026 5036 5025 5033 5037 5048 5032 5029 5040 5041 5041 5029 5044 5030 5032 5023 5047 5053 5047 5047 5079 5062 5072 5061 5052 5069 5058 5065 5064 5109 5099 5091 5101 5111 5111 5103 5108 5108 5119 5112 5092 5086 5125 5127 5123 5127 5131 5131 5131 5120 5152 5161 5153 5150 5172 5171 5187 5176 5202 5198 5186 5192 5200 5213 5197
4975 4977 4979 4977 4958 4989 4987 4990 5013 5002 5002 5002 5008 5001 4996 5007 5010 5010 5022 5032 5021 5029 5036 5054 5044 5028 5021 5020 5020 5012 5016 5033 5014 5032 5026 5049 5044 5039 5051 5061 5091 5098 5092 5092 5090 5068 5080 5072 5072 5109 5098 5094 5114 5105 5079 5091 5092 5115 5108 5103 5103 5125 5124 5129 5138 5147 5140 5139 5151 5163 5175 5170 5153 5175 5198 5189 5174 5177 5187 5193 5215 5197 5193 5203
4982 4984 4979 4989 4992 4987 4992 5002 5021 5013 5008 5008 4987 5003 4998 5012 5000 5019 5019 5041 5026 5041 5046 5006 5011 5009 5012 5021 5021 5004 5027 5027 5032 5051 5028 5044 5049 5048 5063 5058 5087 5092 5110 5089 5071 5088 5093 5084 5102 5064 5070 5094 5114 5104 5096 5101 5087 5096 5128 5112 5133 5136 5125 5158 5175 5162 5172 5163 5159 5159 5169 5169 5176 5156 5170 5186 5182 5209 5193 5205 5193 5190 5192 5210
4982 4988 4987 4987 4992 5006 5006 5014 5014 5018 4986 4984 4997 4997 4999 5009 5009 5010 5023 5024 5046 5044 4997 4987 4981 4992 5004 5006 5006 5007 5026 5017 5028 5068 5049 5048 5046 5071 5067 5079 5083 5067 5104 5094 5092 5076 5094 5104 5111 5096 5100 5108 5114 5100 5121 5130 5104 5130 5142 5129 5142 5149 5141 5159 5162 5174 5159 5159 5169 5159 5154 5181 5180 5188 5194 5180 5169 5169 5188 5186 5207 5212 5211 5211
4989 4986 4992 4999 5000 4995 5003 5003 4964 4983 4991 4989 4980 5023 5025 5016 5034 5041 5057 5054 4999 4985 5031 4993 5005 5005 5009 5009 5004 5047 5047 5056 5032 5044 5035 5045 5035 5055 5072 5072 5058 5083 5068 5071 5096 5084 5087 5114 5112 5122 5112 5112 5123 5126 5132 5117 5131 5133 5133 5159 5151 5159 5159 5156 5152 5151 5155 5139 5152 5152 5178 5178 5178 5188 5189 5202 5190 5182 5189 5211 5181 5215 5227 5225
4995 4994 4999 4968 4970 4981 4992 4993 4983 4985 4983 4988 5010 4995 5009 5020 5036 4997 5019 4997 5012 4999 4999 5017 5027 5015 5019 5047 5037 5041 5072 5057 5054 5045 5052 5063 5071 5071 5064 5055 5067 5067 5055 5067 5087 5100 5101 5101 5103 5119 5125 5123 5136 5128 5129 5128 5157 5153 5148 5141 5136 5141 5160 5160 5147 5160 5148 5168 5163 5173 5180 5195 5196 5203 5202 5212 5192 5182 5196 5215 5215 5226 5237 5216
4979 4979 4985 4970 4980 4992 4985 4985 4995 4995 4975 4995 5015 5018 5017 5020 4972 5008 5014 5012 5015 5014 5014 5021 5037 5049 5036 5029 5050 5048 5060 5054 5054 5054 5063 5076 5052 5062 5082 5080 5088 5088 5068 5088 5092 5088 5096 5101 5117 5119 5109 5133 5109 5118 5134 5152 5136 5115 5129 5118 5122 5124 5120 5163 5140 5165 5148 5168 5172 5185 5187 5192 5204 5182 5182 5182 5198 5182 5174 5197 5214 5216 5206 5225
4990 4994 4994 4984 4992 4973 4973 4973 5002 4988 4978 5016 5008 5010 5006 4998 5012 5012 5011 5024 5022 5026 5035 5025 5037 5045 5039 5023 5028 5026 5021 5041 5047 5052 5080 5052 5047 5058 5058 5074 5088 5093 5091 5088 5093 5101 5102 5115 5107 5109 5133 5115 5113 5126 5126 5111 5135 5146 5134 5124 5111 5168 5138 5161 5175 5178 5153 5179 5168 5185 5174 5179 5203 5182 5183 5186 5186 5197 5197 5195 5190 5207 5205 5214
4990 5003 4992 4974 4984 4985 4994 4994 4998 4978 4998 5006 5004 5009 5033 5024 5024 5016 5008 5015 5009 5009 5035 5041 5047 5036 5048 5028 5037 5049 5054 5054 5047 5047 5060 5058 5060 5075 5092 5092 5071 5091 5101 5093 5082 5104 5102 5102 5101 5100 5107 5114 5126 5116 5126 5118 5146 5155 5105 5138 5166 5134 5179 5165 5175 5174 5163 5182 5182 5181 5174 5158 5183 5184 5185 5172 5194 5185 5185 5184 5193 5193 5219 5231
4979 4991 4986 4983 4971 4989 5002 5009 5022 4992 5012 5017 4998 5003 5024 5013 5019 5025 5049 5009 5011 5011 5029 5047 5028 5037 5045 5032 5035 5025 5037 5061 5072 5083 5072 5075 5090 5109 5109 5099 5090 5090 5092 5090 5100 5083 5099 5098 5106 5124 5133 5124 5111 5136 5110 5126 5132 5141 5158 5170 5155 5182 5153 5169 5182 5180 5161 5166 5166 5166 5167 5167 5172 5172 5203 5203 5203 5199 5225 5203 5218 5236 5231 5221
