rasters/Clipped_Flanders/FlandersBio4.asc
ncols        404
nrows        99
xllcorner    2.541666656550
yllcorner    50.683333250650
cellsize     0.008333333300
NODATA_value -9999
[rows 0 to 37 of 99, columns 252 to 335 of 404]
5408 5417 5402 5422 5422 5418 5431 5420 5421 5414 5416 5426 5420 5423 5429 5424 5415 5408 5419 5427 5424 5407 5439 5429 5443 5400 5406 5427 5441 5447 5403 5394 5410 5413 5396 5396 5448 5465 5451 5427 5437 5440 5455 5413 5450 5433 5450 5452 5428 5437 5446 5459 5441 5411 5439 5426 5426 5426 5414 5414 5414 5446 5399 5411 5420 5415 5429 5439 5429 5447 5436 5425 5431 5431 5431 5431 5431 5434 5452 5454 5454 5450 5439 5450
5426 5412 5422 5422 5433 5417 5431 5419 5420 5411 5403 5414 5423 5429 5413 5417 5402 5432 5412 5440 5418 5437 5442 5441 5401 5391 5407 5427 5441 5447 5420 5436 5412 5439 5420 5439 5465 5447 5437 5435 5435 5455 5454 5454 5433 5422 5446 5446 5455 5437 5446 5414 5420 5452 5452 5450 5439 5439 5439 5448 5448 5441 5419 5435 5421 5420 5429 5449 5447 5447 5436 5425 5454 5437 5454 5431 5431 5434 5446 5463 5454 5463 5463 5439
5421 5431 5417 5422 5427 5404 5420 5410 5424 5422 5425 5423 5419 5413 5427 5402 5409 5419 5441 5413 5415 5420 5442 5430 5406 5391 5427 5436 5441 5456 5436 5436 5425 5439 5439 5430 5437 5430 5437 5435 5435 5455 5457 5433 5446 5449 5446 5441 5453 5457 5439 5430 5437 5452 5418 5450 5439 5434 5419 5419 5411 5423 5439 5421 5420 5425 5439 5447 5449 5447 5425 5425 5461 5457 5439 5431 5424 5445 5445 5436 5455 5463 5463 5461
5420 5417 5417 5427 5446 5412 5410 5424 5433 5446 5417 5413 5413 5403 5413 5419 5414 5410 5414 5420 5422 5432 5432 5432 5418 5412 5406 5450 5450 5448 5454 5452 5436 5429 5456 5424 5444 5442 5440 5444 5440 5442 5451 5446 5420 5461 5454 5452 5443 5445 5452 5450 5452 5452 5435 5423 5434 5438 5426 5425 5420 5444 5412 5430 5432 5422 5449 5449 5454 5447 5447 5425 5431 5431 5449 5435 5452 5452 5446 5455 5444 5434 5433 5445
5413 5417 5409 5436 5435 5425 5414 5425 5436 5436 5405 5402 5413 5423 5425 5422 5418 5410 5411 5422 5422 5432 5435 5418 5410 5414 5435 5450 5454 5456 5456 5445 5447 5444 5426 5451 5442 5440 5440 5444 5442 5451 5451 5451 5451 5470 5453 5457 5431 5414 5422 5430 5430 5448 5435 5435 5433 5438 5444 5437 5442 5435 5412 5430 5442 5425 5449 5447 5447 5436 5436 5425 5431 5449 5443 5452 5440 5452 5446 5446 5446 5447 5458 5434
5421 5412 5441 5435 5446 5436 5420 5436 5436 5414 5410 5413 5422 5433 5435 5422 5418 5418 5422 5422 5430 5419 5420 5415 5422 5422 5433 5450 5450 5456 5445 5454 5454 5454 5452 5430 5451 5455 5464 5462 5451 5451 5451 5451 5470 5462 5470 5452 5420 5430 5445 5445 5440 5428 5434 5439 5441 5449 5435 5435 5445 5436 5433 5435 5442 5446 5442 5447 5447 5447 5436 5425 5443 5443 5447 5442 5446 5446 5446 5446 5444 5453 5463 5461
5439 5439 5435 5420 5434 5426 5426 5436 5423 5410 5413 5422 5408 5433 5443 5448 5418 5434 5423 5432 5434 5419 5431 5422 5448 5442 5444 5452 5452 5450 5456 5430 5444 5442 5443 5468 5455 5464 5464 5453 5462 5451 5451 5464 5465 5462 5469 5442 5439 5436 5434 5440 5439 5431 5435 5441 5435 5436 5436 5441 5445 5448 5441 5430 5442 5442 5442 5447 5447 5447 5436 5444 5467 5443 5473 5442 5435 5435 5455 5463 5463 5463 5463 5463
5449 5437 5432 5434 5427 5434 5425 5423 5417 5419 5422 5443 5408 5419 5434 5437 5429 5424 5424 5421 5423 5432 5434 5438 5455 5445 5454 5446 5450 5456 5456 5441 5460 5468 5468 5457 5457 5457 5453 5451 5462 5449 5453 5466 5419 5436 5456 5429 5429 5443 5433 5430 5430 5443 5429 5445 5436 5441 5444 5445 5446 5436 5431 5442 5431 5442 5442 5459 5447 5436 5447 5436 5436 5443 5443 5443 5431 5435 5446 5446 5488 5463 5477 5477
5437 5437 5434 5425 5423 5423 5415 5415 5415 5417 5417 5443 5441 5434 5441 5439 5437 5426 5424 5422 5427 5427 5445 5453 5465 5462 5454 5452 5468 5456 5457 5460 5458 5471 5468 5455 5455 5455 5455 5444 5451 5451 5451 5451 5450 5466 5429 5446 5451 5439 5426 5430 5436 5436 5445 5445 5444 5444 5446 5419 5444 5430 5424 5442 5453 5442 5440 5480 5459 5447 5447 5436 5436 5449 5440 5433 5433 5477 5446 5445 5446 5436 5487 5477
5432 5465 5418 5430 5412 5412 5406 5405 5417 5427 5402 5441 5446 5460 5457 5448 5469 5458 5450 5435 5421 5440 5464 5459 5467 5482 5454 5455 5455 5455 5456 5451 5453 5449 5455 5462 5455 5451 5442 5457 5455 5455 5451 5451 5467 5448 5457 5446 5451 5439 5428 5430 5445 5445 5444 5441 5435 5441 5430 5423 5430 5443 5419 5453 5453 5431 5438 5454 5426 5436 5457 5436 5436 5433 5453 5440 5433 5435 5435 5444 5431 5434 5428 5487
5473 5432 5418 5423 5416 5409 5390 5388 5405 5421 5423 5441 5446 5460 5447 5469 5469 5459 5439 5426 5437 5439 5462 5462 5481 5498 5463 5468 5458 5458 5449 5459 5464 5451 5471 5446 5462 5463 5463 5444 5444 5461 5451 5451 5439 5446 5446 5446 5446 5450 5431 5439 5444 5436 5465 5435 5437 5430 5455 5431 5430 5443 5442 5431 5442 5431 5435 5429 5457 5457 5447 5457 5436 5438 5449 5449 5433 5445 5466 5436 5472 5434 5428 5428
5448 5437 5431 5425 5396 5390 5396 5396 5421 5423 5433 5433 5458 5458 5469 5460 5469 5459 5428 5469 5460 5428 5460 5466 5464 5480 5496 5494 5486 5449 5449 5444 5446 5473 5472 5462 5458 5462 5452 5463 5444 5439 5447 5437 5445 5445 5446 5451 5448 5435 5446 5446 5436 5439 5435 5437 5435 5441 5465 5455 5465 5465 5455 5453 5442 5442 5440 5448 5433 5448 5452 5448 5483 5462 5477 5464 5431 5445 5460 5460 5477 5472 5472 5462
5440 5437 5421 5415 5399 5398 5426 5420 5435 5450 5450 5450 5458 5459 5469 5469 5459 5459 5447 5433 5471 5460 5468 5470 5481 5496 5496 5475 5475 5449 5448 5446 5446 5442 5469 5462 5474 5469 5441 5450 5446 5439 5439 5437 5439 5439 5436 5434 5461 5459 5444 5454 5457 5467 5448 5453 5453 5455 5455 5467 5456 5465 5451 5450 5432 5430 5430 5426 5436 5448 5452 5438 5448 5434 5443 5449 5447 5452 5452 5445 5468 5472 5471 5472
5426 5415 5428 5424 5415 5427 5440 5435 5429 5450 5458 5450 5458 5459 5459 5459 5461 5472 5443 5455 5470 5465 5470 5465 5496 5496 5486 5486 5470 5454 5458 5456 5458 5451 5442 5462 5469 5462 5448 5446 5463 5450 5461 5461 5431 5448 5434 5439 5435 5450 5444 5443 5432 5455 5426 5469 5455 5467 5465 5465 5465 5452 5465 5450 5444 5432 5430 5426 5435 5456 5445 5443 5434 5441 5434 5449 5434 5439 5468 5453 5460 5460 5471 5454
5428 5428 5417 5418 5441 5446 5453 5434 5450 5448 5450 5461 5459 5459 5459 5461 5472 5481 5472 5466 5466 5467 5491 5463 5473 5468 5486 5455 5455 5449 5475 5458 5458 5449 5452 5479 5460 5448 5459 5463 5471 5463 5460 5434 5436 5440 5434 5434 5448 5457 5467 5454 5453 5469 5432 5429 5459 5467 5453 5465 5486 5465 5477 5452 5432 5430 5430 5430 5438 5435 5455 5442 5452 5425 5434 5441 5452 5448 5439 5441 5453 5459 5471 5471
5425 5411 5421 5435 5455 5453 5458 5462 5444 5440 5437 5459 5463 5461 5461 5461 5472 5472 5465 5459 5466 5478 5470 5478 5463 5460 5478 5470 5466 5467 5460 5460 5463 5459 5461 5471 5449 5438 5488 5456 5456 5436 5440 5436 5438 5440 5434 5459 5457 5425 5453 5476 5454 5463 5459 5428 5441 5467 5467 5465 5478 5465 5467 5455 5469 5455 5455 5430 5430 5435 5445 5441 5441 5425 5425 5434 5448 5451 5446 5451 5459 5459 5464 5459
5421 5431 5436 5454 5464 5464 5462 5441 5440 5454 5459 5450 5472 5472 5481 5479 5472 5463 5450 5469 5495 5473 5497 5473 5462 5460 5460 5458 5477 5467 5467 5466 5471 5465 5461 5460 5477 5449 5449 5436 5437 5436 5427 5431 5431 5421 5462 5468 5447 5454 5460 5465 5476 5465 5428 5459 5459 5459 5459 5476 5480 5467 5459 5471 5459 5464 5464 5446 5430 5436 5443 5470 5448 5448 5447 5463 5436 5451 5455 5463 5451 5459 5457 5457
5442 5448 5448 5464 5464 5468 5448 5458 5470 5476 5467 5472 5472 5479 5479 5477 5467 5466 5471 5477 5459 5463 5473 5483 5471 5458 5477 5466 5445 5478 5452 5466 5455 5467 5472 5457 5470 5488 5477 5438 5441 5427 5448 5485 5479 5413 5427 5421 5425 5417 5476 5455 5474 5459 5432 5436 5436 5473 5464 5463 5467 5485 5459 5471 5461 5461 5464 5453 5430 5441 5450 5470 5454 5451 5451 5451 5479 5451 5452 5451 5466 5457 5464 5457
5467 5465 5471 5471 5471 5457 5447 5447 5452 5482 5473 5471 5471 5458 5464 5464 5471 5471 5471 5461 5451 5443 5461 5472 5459 5438 5486 5486 5478 5465 5462 5476 5467 5445 5466 5457 5466 5466 5466 5466 5477 5481 5469 5450 5449 5447 5434 5425 5425 5459 5477 5454 5455 5459 5432 5452 5425 5459 5479 5479 5467 5472 5459 5461 5459 5461 5461 5462 5447 5460 5460 5460 5460 5471 5451 5446 5462 5461 5466 5444 5452 5463 5465 5448
5471 5471 5481 5471 5467 5459 5437 5452 5452 5465 5465 5469 5469 5462 5464 5473 5470 5455 5473 5464 5444 5483 5439 5451 5439 5439 5470 5466 5472 5470 5472 5463 5456 5470 5451 5466 5466 5457 5477 5466 5466 5458 5450 5472 5449 5439 5439 5439 5443 5427 5459 5427 5477 5455 5433 5443 5460 5437 5470 5470 5472 5469 5469 5480 5461 5470 5461 5451 5462 5464 5466 5460 5476 5464 5460 5466 5475 5466 5466 5466 5465 5465 5458 5459
5475 5467 5467 5467 5467 5459 5448 5460 5465 5464 5465 5460 5464 5473 5467 5467 5474 5466 5457 5470 5473 5463 5431 5439 5439 5447 5459 5489 5489 5482 5480 5476 5478 5470 5454 5469 5460 5466 5466 5466 5484 5477 5493 5480 5493 5483 5476 5485 5485 5466 5445 5445 5427 5447 5432 5437 5433 5444 5461 5458 5470 5479 5469 5469 5461 5451 5445 5457 5451 5464 5460 5470 5464 5464 5471 5471 5477 5476 5460 5471 5460 5460 5460 5474
5472 5467 5467 5463 5459 5455 5446 5457 5456 5458 5460 5451 5451 5451 5451 5471 5483 5483 5447 5461 5442 5434 5434 5432 5444 5447 5451 5453 5448 5489 5476 5483 5476 5462 5463 5462 5465 5465 5458 5477 5465 5465 5465 5477 5487 5498 5421 5466 5479 5479 5473 5443 5447 5447 5442 5447 5447 5450 5470 5436 5435 5470 5472 5477 5484 5451 5451 5470 5467 5451 5462 5466 5478 5481 5487 5464 5464 5474 5452 5475 5475 5471 5480 5474
5464 5469 5469 5477 5469 5461 5471 5457 5461 5470 5470 5461 5484 5476 5485 5459 5494 5471 5431 5450 5492 5475 5452 5456 5434 5450 5450 5446 5451 5478 5484 5441 5476 5481 5469 5468 5468 5458 5460 5456 5458 5464 5477 5477 5477 5487 5464 5498 5437 5473 5478 5459 5459 5448 5447 5452 5455 5463 5436 5450 5446 5435 5457 5470 5477 5451 5445 5451 5468 5462 5470 5464 5477 5465 5487 5477 5494 5465 5474 5487 5480 5487 5474 5474
5469 5471 5471 5471 5462 5479 5457 5470 5471 5471 5460 5470 5449 5448 5458 5453 5479 5494 5482 5490 5483 5483 5472 5481 5487 5476 5447 5445 5456 5460 5465 5456 5473 5474 5465 5465 5462 5471 5472 5472 5469 5445 5475 5487 5487 5477 5464 5446 5489 5479 5473 5463 5473 5479 5479 5479 5477 5465 5467 5469 5469 5455 5425 5470 5472 5445 5481 5475 5477 5478 5461 5475 5457 5465 5486 5477 5465 5487 5487 5487 5487 5487 5496 5496
5469 5460 5454 5442 5454 5454 5457 5462 5462 5458 5446 5453 5446 5444 5451 5441 5441 5445 5451 5472 5472 5487 5476 5492 5488 5464 5457 5464 5448 5455 5450 5458 5462 5473 5461 5477 5477 5475 5475 5485 5485 5471 5463 5456 5488 5477 5467 5467 5467 5487 5477 5477 5460 5462 5481 5479 5462 5477 5480 5471 5477 5469 5465 5476 5445 5477 5470 5483 5438 5481 5488 5478 5457 5455 5457 5486 5464 5479 5487 5487 5487 5496 5496 5496
5448 5465 5465 5463 5461 5461 5465 5465 5465 5473 5446 5471 5460 5460 5460 5460 5435 5433 5425 5485 5493 5475 5496 5495 5482 5482 5495 5496 5506 5495 5487 5476 5476 5478 5478 5478 5488 5475 5482 5487 5487 5485 5478 5491 5477 5477 5467 5467 5467 5467 5478 5477 5477 5467 5460 5475 5462 5476 5480 5485 5441 5435 5452 5488 5484 5493 5492 5481 5449 5488 5460 5438 5478 5457 5472 5457 5457 5486 5489 5479 5487 5487 5503 5490
5460 5471 5463 5473 5479 5498 5488 5477 5486 5473 5466 5511 5460 5454 5482 5482 5462 5446 5446 5456 5495 5449 5478 5493 5493 5470 5493 5474 5485 5459 5487 5477 5494 5489 5467 5476 5478 5492 5498 5491 5497 5492 5486 5490 5467 5467 5486 5486 5467 5467 5478 5467 5468 5475 5467 5460 5460 5460 5460 5487 5485 5496 5485 5446 5433 5488 5491 5488 5470 5470 5497 5486 5495 5486 5486 5457 5457 5464 5479 5486 5495 5495 5500 5490
5480 5481 5472 5481 5494 5488 5484 5510 5486 5460 5464 5464 5460 5484 5484 5482 5482 5482 5508 5455 5463 5494 5488 5503 5469 5470 5470 5467 5476 5476 5472 5476 5478 5487 5484 5477 5467 5476 5476 5491 5497 5502 5513 5513 5509 5492 5490 5488 5497 5486 5497 5468 5468 5466 5466 5467 5467 5460 5454 5460 5495 5496 5452 5472 5451 5497 5472 5504 5504 5511 5502 5438 5495 5500 5495 5457 5481 5481 5489 5495 5491 5502 5492 5485
5496 5496 5485 5498 5483 5510 5497 5510 5515 5515 5497 5498 5498 5475 5496 5465 5487 5465 5463 5488 5463 5458 5486 5478 5470 5459 5472 5476 5470 5480 5480 5477 5478 5467 5468 5489 5468 5470 5470 5482 5480 5491 5508 5512 5512 5512 5486 5504 5486 5497 5495 5491 5485 5475 5475 5473 5456 5460 5470 5454 5485 5491 5495 5457 5498 5493 5493 5442 5488 5500 5437 5502 5502 5428 5500 5470 5458 5486 5489 5457 5491 5502 5490 5492
5475 5454 5483 5497 5497 5487 5501 5497 5483 5477 5497 5487 5486 5477 5475 5489 5496 5487 5488 5488 5488 5466 5482 5472 5483 5474 5478 5472 5484 5484 5478 5468 5478 5471 5459 5505 5505 5478 5486 5461 5461 5477 5491 5512 5512 5501 5506 5507 5481 5496 5502 5491 5485 5482 5492 5482 5473 5466 5456 5460 5456 5490 5458 5479 5506 5469 5460 5449 5455 5481 5498 5501 5444 5500 5504 5440 5458 5500 5455 5481 5502 5502 5502 5502
5473 5482 5463 5496 5496 5509 5509 5512 5489 5489 5489 5489 5477 5477 5489 5467 5493 5487 5489 5489 5489 5485 5489 5493 5486 5486 5487 5486 5486 5501 5501 5485 5478 5485 5485 5491 5468 5480 5475 5475 5471 5464 5464 5481 5481 5518 5481 5518 5510 5502 5502 5504 5502 5502 5491 5489 5489 5482 5458 5468 5458 5505 5496 5507 5495 5476 5474 5460 5449 5463 5497 5502 5500 5511 5498 5510 5437 5470 5488 5470 5481 5486 5502 5502
5499 5504 5512 5512 5497 5475 5471 5484 5484 5499 5489 5495 5495 5479 5486 5486 5486 5479 5484 5484 5479 5489 5476 5486 5476 5484 5471 5488 5490 5491 5501 5477 5501 5497 5484 5483 5506 5468 5469 5475 5485 5485 5464 5464 5492 5481 5518 5492 5509 5500 5502 5500 5500 5524 5481 5479 5482 5451 5475 5460 5466 5476 5511 5486 5506 5495 5491 5479 5455 5497 5516 5526 5519 5453 5511 5495 5475 5495 5498 5479 5479 5491 5492 5491
5504 5506 5504 5506 5494 5482 5482 5488 5484 5471 5479 5484 5478 5466 5466 5465 5482 5486 5493 5483 5479 5486 5486 5479 5468 5486 5478 5478 5478 5483 5483 5488 5488 5474 5474 5481 5506 5482 5487 5481 5513 5482 5462 5475 5466 5481 5509 5509 5509 5507 5508 5502 5502 5516 5489 5489 5489 5478 5482 5469 5474 5476 5503 5503 5503 5495 5486 5467 5459 5485 5495 5479 5495 5507 5509 5513 5453 5449 5498 5502 5489 5502 5504 5504
5483 5481 5474 5472 5493 5487 5494 5497 5505 5489 5472 5458 5484 5473 5469 5458 5465 5465 5477 5480 5489 5478 5489 5490 5489 5489 5478 5479 5487 5490 5497 5489 5507 5486 5472 5492 5502 5511 5507 5461 5461 5484 5451 5510 5473 5493 5491 5481 5467 5502 5502 5502 5500 5502 5500 5502 5500 5500 5489 5465 5483 5500 5492 5485 5481 5507 5510 5491 5486 5473 5458 5464 5479 5495 5517 5511 5500 5497 5500 5502 5495 5495 5500 5504
5478 5478 5475 5475 5478 5496 5487 5488 5488 5497 5475 5465 5486 5452 5473 5469 5477 5463 5463 5489 5489 5490 5468 5478 5472 5484 5472 5476 5490 5485 5485 5474 5488 5472 5486 5502 5496 5496 5502 5490 5467 5490 5496 5508 5472 5495 5499 5507 5508 5506 5491 5500 5479 5490 5497 5495 5497 5504 5506 5493 5483 5474 5475 5503 5501 5493 5507 5509 5500 5490 5490 5490 5467 5472 5495 5490 5509 5513 5502 5502 5500 5504 5502 5500
5478 5478 5478 5476 5465 5467 5495 5494 5507 5520 5507 5491 5478 5476 5478 5498 5488 5499 5490 5484 5484 5483 5473 5475 5477 5471 5484 5484 5485 5479 5497 5497 5484 5495 5495 5495 5495 5503 5496 5502 5478 5499 5456 5457 5467 5472 5489 5504 5506 5494 5494 5500 5486 5505 5488 5493 5487 5495 5500 5495 5483 5483 5484 5482 5493 5492 5493 5506 5516 5502 5484 5485 5479 5481 5489 5495 5517 5509 5492 5490 5513 5504 5453 5477
5475 5475 5475 5478 5476 5470 5468 5482 5515 5529 5529 5477 5507 5485 5489 5503 5497 5497 5503 5503 5494 5503 5511 5477 5475 5488 5499 5475 5480 5490 5490 5495 5495 5498 5489 5489 5507 5498 5502 5478 5471 5482 5484 5486 5466 5483 5489 5506 5481 5483 5506 5500 5479 5493 5491 5491 5487 5495 5495 5495 5504 5504 5479 5512 5492 5482 5482 5481 5505 5521 5493 5467 5483 5483 5489 5495 5506 5519 5506 5491 5502 5480 5474 5474
5486 5489 5495 5505 5500 5490 5477 5537 5509 5518 5498 5495 5520 5510 5510 5510 5521 5492 5501 5509 5481 5483 5500 5474 5509 5501 5500 5496 5500 5488 5505 5495 5499 5499 5497 5489 5496 5496 5481 5491 5504 5502 5484 5497 5487 5480 5515 5506 5491 5511 5520 5491 5491 5478 5478 5488 5484 5496 5487 5501 5495 5486 5489 5482 5484 5484 5516 5516 5516 5521 5521 5493 5485 5485 5491 5490 5506 5483 5492 5480 5483 5480 5459 5480
