rasters/Clipped_Flanders/FlandersBio4.asc
ncols        404
nrows        99
xllcorner    2.541666656550
yllcorner    50.683333250650
cellsize     0.008333333300
NODATA_value -9999
[rows 38 to 75 of 99, columns 168 to 251 of 404]
5393 5417 5418 5413 5405 5404 5371 5377 5420 5406 5446 5446 5458 5447 5455 5433 5414 5411 5424 5426 5444 5436 5440 5429 5432 5431 5433 5422 5427 5444 5461 5456 5472 5461 5479 5463 5431 5442 5442 5457 5463 5463 5455 5475 5491 5488 5473 5506 5506 5469 5465 5482 5482 5497 5511 5505 5512 5504 5481 5502 5481 5492 5511 5525 5501 5496 5496 5488 5488 5479 5475 5501 5478 5478 5484 5484 5496 5505 5504 5504 5526 5526 5526 5504
5407 5395 5413 5400 5404 5383 5405 5415 5439 5446 5446 5456 5455 5450 5439 5413 5428 5437 5433 5444 5448 5449 5429 5422 5401 5411 5417 5427 5442 5457 5474 5472 5446 5449 5434 5434 5437 5457 5457 5459 5455 5464 5467 5492 5509 5482 5494 5472 5472 5476 5474 5491 5507 5510 5501 5491 5470 5479 5481 5475 5496 5496 5496 5501 5515 5501 5489 5473 5473 5485 5489 5480 5500 5498 5501 5496 5496 5504 5504 5504 5526 5539 5524 5524
5393 5417 5410 5404 5396 5410 5426 5428 5440 5442 5442 5428 5427 5411 5423 5423 5437 5430 5448 5448 5455 5422 5424 5423 5423 5436 5436 5442 5466 5465 5446 5463 5451 5451 5441 5447 5433 5443 5444 5464 5466 5467 5478 5511 5501 5493 5457 5477 5477 5498 5507 5507 5502 5520 5481 5479 5490 5501 5501 5496 5495 5479 5491 5490 5493 5487 5484 5494 5484 5482 5482 5493 5502 5517 5521 5522 5501 5514 5530 5526 5538 5549 5520 5540
5417 5390 5382 5398 5407 5415 5428 5440 5433 5434 5420 5416 5429 5420 5439 5427 5434 5440 5440 5438 5431 5401 5401 5442 5446 5442 5455 5473 5455 5469 5473 5452 5450 5435 5443 5453 5449 5471 5488 5490 5497 5477 5515 5491 5504 5496 5491 5507 5496 5510 5510 5520 5529 5500 5531 5530 5514 5515 5526 5508 5501 5475 5467 5478 5480 5478 5471 5469 5480 5486 5507 5509 5509 5520 5540 5540 5549 5518 5518 5544 5530 5524 5524 5544
5373 5409 5407 5412 5426 5425 5433 5431 5432 5437 5407 5423 5420 5420 5455 5452 5452 5439 5441 5434 5412 5403 5440 5448 5444 5467 5465 5446 5446 5440 5429 5429 5439 5449 5468 5468 5464 5460 5479 5473 5499 5490 5485 5502 5491 5498 5501 5459 5510 5484 5507 5534 5520 5511 5517 5498 5498 5521 5511 5511 5493 5469 5495 5478 5477 5482 5483 5519 5512 5512 5518 5530 5519 5547 5551 5551 5543 5532 5543 5543 5524 5516 5514 5514
5409 5407 5413 5416 5416 5431 5422 5428 5406 5411 5411 5420 5419 5443 5438 5448 5458 5451 5421 5429 5435 5433 5478 5474 5474 5473 5469 5446 5446 5441 5433 5442 5449 5449 5468 5458 5466 5459 5471 5485 5474 5484 5473 5491 5507 5509 5515 5536 5534 5530 5504 5481 5504 5498 5498 5491 5490 5497 5493 5520 5509 5507 5512 5512 5518 5525 5501 5527 5538 5542 5542 5551 5551 5551 5551 5551 5551 5551 5520 5541 5533 5505 5496 5496
5399 5410 5399 5416 5431 5408 5417 5406 5410 5410 5419 5419 5428 5453 5438 5445 5429 5440 5410 5428 5436 5478 5467 5471 5469 5446 5446 5445 5446 5436 5449 5445 5428 5468 5496 5494 5488 5481 5499 5442 5473 5483 5477 5507 5504 5530 5493 5506 5497 5493 5490 5492 5498 5499 5490 5469 5479 5486 5507 5515 5518 5526 5515 5532 5536 5525 5536 5536 5533 5525 5536 5541 5550 5550 5551 5550 5550 5540 5540 5540 5532 5530 5505 5508
5390 5415 5416 5419 5406 5428 5395 5410 5421 5421 5419 5438 5447 5433 5451 5444 5429 5428 5437 5446 5434 5456 5471 5453 5446 5445 5447 5446 5449 5456 5439 5449 5458 5506 5480 5485 5442 5504 5504 5461 5471 5477 5507 5524 5526 5531 5533 5506 5519 5484 5512 5498 5488 5496 5486 5492 5486 5503 5515 5523 5507 5525 5536 5536 5541 5549 5549 5530 5530 5535 5545 5538 5539 5540 5540 5534 5540 5514 5514 5514 5504 5510 5500 5500
5415 5423 5418 5414 5406 5400 5404 5410 5419 5430 5436 5445 5435 5446 5423 5436 5419 5427 5434 5469 5467 5462 5445 5445 5443 5436 5452 5467 5460 5468 5501 5501 5452 5482 5470 5478 5486 5484 5481 5495 5509 5516 5520 5520 5506 5545 5534 5525 5512 5500 5499 5504 5497 5503 5513 5523 5523 5540 5532 5544 5553 5536 5549 5554 5549 5542 5542 5544 5536 5541 5552 5530 5526 5521 5544 5515 5511 5511 5511 5511 5508 5489 5500 5490
5418 5408 5394 5406 5401 5410 5419 5419 5436 5453 5458 5447 5408 5420 5442 5455 5455 5442 5478 5476 5479 5455 5465 5438 5451 5468 5470 5475 5469 5465 5468 5476 5453 5434 5444 5455 5469 5506 5522 5516 5516 5506 5500 5528 5487 5504 5514 5519 5529 5532 5515 5485 5483 5523 5528 5534 5553 5561 5554 5556 5556 5548 5549 5538 5564 5533 5533 5528 5524 5527 5516 5537 5541 5539 5520 5520 5509 5515 5515 5511 5501 5499 5497 5506
5389 5394 5406 5401 5410 5419 5425 5436 5453 5458 5447 5449 5411 5422 5432 5426 5439 5468 5453 5426 5448 5450 5442 5468 5461 5461 5460 5469 5471 5483 5473 5455 5444 5459 5471 5496 5514 5504 5516 5522 5526 5491 5517 5499 5491 5480 5475 5475 5504 5539 5529 5508 5499 5493 5534 5561 5531 5556 5556 5550 5550 5529 5550 5523 5528 5524 5534 5525 5526 5531 5520 5517 5529 5537 5526 5526 5519 5507 5514 5499 5507 5510 5506 5515
5401 5400 5407 5414 5425 5436 5444 5458 5458 5447 5408 5410 5422 5419 5433 5440 5442 5438 5435 5460 5471 5461 5461 5463 5469 5465 5471 5483 5454 5465 5443 5444 5470 5480 5504 5522 5522 5516 5514 5501 5497 5499 5499 5491 5495 5475 5481 5505 5510 5510 5560 5532 5494 5493 5515 5544 5556 5534 5532 5513 5509 5509 5510 5524 5513 5514 5509 5517 5507 5514 5529 5526 5537 5524 5534 5526 5519 5519 5514 5507 5523 5526 5521 5536
5404 5404 5414 5424 5431 5456 5445 5447 5447 5427 5401 5406 5428 5422 5433 5452 5452 5437 5449 5462 5451 5451 5460 5460 5480 5471 5481 5473 5477 5479 5487 5462 5502 5500 5524 5524 5516 5507 5497 5499 5499 5497 5495 5495 5484 5493 5493 5495 5510 5542 5548 5545 5545 5545 5547 5539 5539 5517 5539 5500 5524 5522 5531 5514 5534 5523 5518 5512 5521 5543 5535 5542 5515 5527 5515 5536 5525 5525 5515 5523 5521 5511 5517 5532
5404 5414 5431 5443 5456 5445 5440 5447 5414 5403 5423 5422 5420 5438 5452 5428 5435 5438 5453 5451 5451 5457 5475 5464 5475 5476 5477 5486 5467 5471 5471 5481 5520 5524 5526 5508 5511 5511 5506 5495 5495 5495 5502 5490 5490 5496 5493 5503 5518 5519 5511 5502 5494 5553 5545 5534 5534 5535 5536 5522 5524 5538 5528 5528 5520 5525 5502 5525 5501 5539 5552 5541 5554 5535 5523 5523 5519 5511 5526 5525 5525 5531 5531 5540
5413 5431 5451 5445 5445 5440 5423 5425 5419 5412 5428 5425 5431 5460 5426 5438 5429 5462 5435 5447 5456 5466 5484 5476 5473 5477 5490 5498 5497 5499 5492 5514 5516 5514 5520 5510 5506 5493 5493 5493 5492 5501 5507 5486 5484 5501 5512 5515 5495 5495 5501 5514 5514 5520 5515 5527 5527 5527 5534 5536 5534 5533 5533 5526 5526 5526 5526 5526 5553 5535 5547 5558 5558 5573 5565 5523 5527 5523 5523 5553 5525 5553 5529 5553
5443 5439 5438 5438 5434 5423 5425 5415 5435 5418 5434 5442 5450 5448 5435 5425 5435 5439 5459 5466 5486 5494 5476 5499 5486 5479 5498 5482 5502 5497 5497 5512 5510 5520 5520 5504 5493 5492 5501 5501 5490 5505 5495 5501 5510 5510 5495 5499 5501 5514 5530 5523 5519 5525 5523 5529 5540 5533 5527 5546 5546 5533 5533 5539 5524 5524 5524 5524 5553 5552 5567 5567 5570 5570 5590 5567 5535 5535 5535 5564 5547 5558 5566 5556
5431 5440 5432 5434 5414 5419 5419 5431 5431 5442 5461 5452 5455 5435 5431 5431 5447 5456 5466 5486 5467 5490 5473 5486 5469 5491 5491 5484 5493 5509 5522 5520 5520 5520 5502 5502 5503 5503 5503 5496 5501 5503 5512 5501 5495 5494 5494 5512 5508 5524 5516 5531 5529 5522 5538 5547 5547 5546 5546 5546 5536 5545 5545 5545 5536 5528 5524 5534 5534 5522 5532 5575 5558 5570 5560 5580 5570 5570 5562 5546 5568 5558 5558 5549
5431 5434 5423 5413 5422 5416 5434 5418 5456 5454 5455 5447 5453 5433 5435 5447 5466 5465 5475 5467 5471 5477 5467 5488 5491 5491 5511 5509 5501 5506 5516 5518 5507 5502 5504 5507 5503 5507 5504 5503 5512 5530 5522 5514 5507 5511 5508 5524 5518 5518 5531 5531 5540 5544 5544 5527 5527 5559 5559 5526 5536 5548 5549 5549 5549 5551 5567 5552 5552 5541 5541 5536 5560 5550 5558 5558 5570 5560 5553 5551 5548 5558 5558 5568
5430 5420 5403 5429 5416 5442 5450 5445 5450 5449 5455 5444 5444 5435 5472 5483 5488 5494 5486 5467 5490 5479 5493 5493 5503 5498 5508 5497 5498 5489 5501 5503 5502 5507 5528 5518 5544 5515 5506 5510 5492 5504 5502 5502 5502 5502 5518 5512 5512 5536 5540 5547 5547 5563 5567 5567 5548 5554 5546 5539 5539 5549 5554 5544 5550 5539 5555 5550 5537 5537 5546 5538 5553 5536 5543 5536 5548 5547 5558 5558 5550 5560 5553 5552
5419 5423 5432 5438 5442 5445 5445 5449 5455 5455 5444 5457 5450 5466 5479 5486 5486 5497 5462 5462 5486 5503 5497 5505 5498 5512 5498 5504 5518 5501 5501 5512 5515 5505 5518 5519 5492 5521 5504 5506 5519 5508 5502 5518 5502 5516 5530 5537 5558 5563 5563 5552 5543 5559 5559 5553 5543 5526 5539 5539 5526 5526 5537 5557 5555 5555 5570 5573 5563 5546 5546 5546 5547 5547 5536 5534 5534 5534 5534 5543 5539 5535 5569 5572
5433 5426 5431 5441 5468 5461 5440 5434 5449 5444 5456 5471 5477 5463 5484 5475 5467 5474 5484 5486 5493 5503 5503 5501 5512 5504 5487 5509 5501 5495 5507 5523 5514 5523 5510 5524 5518 5508 5503 5518 5503 5500 5515 5529 5537 5542 5542 5563 5573 5573 5543 5551 5541 5545 5556 5548 5539 5545 5556 5545 5548 5557 5541 5568 5568 5577 5565 5553 5552 5576 5583 5555 5558 5546 5521 5546 5550 5534 5527 5527 5527 5542 5533 5559
5444 5463 5425 5469 5453 5449 5453 5433 5433 5431 5458 5476 5495 5475 5484 5467 5494 5477 5506 5515 5495 5501 5512 5499 5504 5514 5501 5501 5495 5495 5494 5510 5523 5513 5519 5538 5530 5521 5497 5513 5511 5521 5531 5531 5552 5541 5521 5542 5552 5549 5555 5555 5560 5539 5539 5548 5539 5548 5546 5541 5540 5561 5579 5579 5577 5577 5574 5564 5564 5573 5562 5582 5562 5562 5546 5535 5537 5537 5537 5579 5535 5538 5555 5547
5433 5440 5467 5426 5431 5447 5442 5447 5466 5478 5483 5493 5494 5466 5462 5483 5506 5507 5504 5505 5505 5501 5498 5487 5504 5503 5495 5495 5506 5512 5515 5504 5533 5513 5503 5494 5529 5518 5518 5512 5542 5541 5541 5531 5542 5542 5547 5558 5566 5566 5547 5556 5558 5540 5540 5540 5540 5540 5549 5538 5534 5534 5571 5553 5564 5565 5583 5582 5572 5581 5580 5595 5595 5595 5595 5570 5541 5524 5525 5586 5566 5543 5564 5577
5439 5448 5447 5432 5424 5437 5456 5456 5476 5462 5474 5488 5482 5468 5481 5476 5507 5479 5505 5501 5499 5498 5504 5493 5503 5495 5497 5514 5506 5526 5550 5553 5534 5505 5512 5507 5516 5516 5521 5536 5557 5531 5563 5531 5542 5539 5555 5559 5568 5568 5550 5550 5551 5547 5540 5537 5540 5549 5545 5542 5560 5551 5551 5578 5578 5578 5573 5551 5581 5560 5617 5572 5587 5605 5616 5607 5595 5568 5562 5536 5548 5536 5542 5584
5446 5478 5442 5428 5437 5459 5478 5475 5483 5473 5468 5453 5453 5458 5502 5504 5515 5501 5512 5501 5498 5498 5500 5511 5491 5509 5513 5513 5522 5505 5527 5521 5529 5508 5512 5501 5508 5537 5542 5569 5569 5512 5524 5566 5519 5557 5568 5568 5560 5560 5558 5558 5558 5537 5540 5562 5570 5558 5581 5581 5581 5577 5561 5581 5585 5558 5582 5580 5602 5592 5592 5590 5590 5583 5564 5596 5580 5585 5570 5563 5547 5550 5558 5547
5476 5453 5438 5448 5448 5468 5456 5471 5482 5459 5453 5453 5448 5502 5526 5501 5490 5501 5512 5498 5494 5511 5497 5489 5507 5509 5536 5523 5512 5513 5502 5519 5535 5533 5504 5531 5507 5541 5553 5559 5522 5535 5537 5559 5560 5560 5558 5570 5558 5558 5569 5587 5568 5570 5573 5579 5570 5582 5582 5582 5582 5584 5584 5586 5578 5575 5578 5578 5573 5554 5590 5590 5590 5590 5590 5580 5549 5597 5568 5558 5569 5554 5569 5553
5445 5444 5448 5447 5459 5468 5483 5471 5446 5455 5448 5465 5476 5504 5503 5501 5514 5517 5504 5499 5497 5497 5525 5517 5518 5512 5506 5506 5525 5523 5529 5513 5508 5521 5560 5540 5522 5548 5560 5531 5539 5540 5534 5528 5567 5540 5558 5564 5569 5568 5586 5591 5580 5582 5580 5569 5579 5579 5580 5596 5596 5596 5587 5586 5586 5582 5570 5570 5570 5570 5593 5591 5585 5591 5592 5582 5577 5554 5547 5575 5545 5566 5554 5590
5429 5428 5439 5454 5463 5475 5482 5455 5449 5447 5446 5476 5485 5480 5501 5507 5524 5514 5502 5497 5515 5532 5528 5544 5539 5552 5545 5521 5513 5502 5522 5538 5551 5513 5528 5506 5536 5540 5529 5528 5518 5542 5538 5563 5564 5575 5564 5586 5570 5589 5577 5575 5587 5589 5589 5589 5595 5578 5586 5583 5585 5597 5565 5575 5565 5602 5588 5581 5581 5590 5590 5580 5591 5592 5592 5592 5589 5588 5561 5547 5561 5560 5566 5572
5446 5460 5460 5485 5461 5479 5455 5447 5446 5461 5476 5476 5471 5500 5491 5503 5513 5499 5509 5516 5510 5521 5535 5531 5547 5520 5511 5522 5514 5522 5538 5549 5550 5546 5537 5531 5526 5524 5566 5576 5566 5545 5562 5570 5585 5578 5578 5589 5590 5589 5580 5574 5575 5586 5586 5586 5586 5597 5575 5577 5577 5594 5577 5601 5601 5593 5593 5585 5590 5579 5584 5578 5588 5588 5602 5602 5599 5577 5572 5566 5557 5602 5589 5584
5448 5448 5479 5475 5471 5464 5444 5443 5450 5470 5463 5506 5497 5505 5495 5511 5509 5501 5489 5510 5545 5518 5551 5541 5548 5543 5525 5521 5521 5506 5535 5550 5559 5556 5537 5547 5572 5577 5527 5559 5574 5560 5576 5577 5576 5597 5597 5606 5575 5580 5581 5587 5586 5586 5592 5574 5612 5592 5597 5592 5592 5592 5592 5592 5592 5592 5592 5590 5590 5587 5572 5572 5593 5599 5602 5610 5599 5590 5590 5589 5576 5576 5578 5576
5448 5470 5475 5480 5459 5461 5480 5446 5463 5468 5465 5481 5508 5493 5499 5506 5498 5519 5529 5512 5522 5554 5547 5526 5520 5502 5529 5528 5543 5521 5528 5550 5578 5549 5535 5573 5535 5567 5578 5577 5597 5570 5575 5568 5576 5586 5591 5573 5587 5575 5565 5584 5593 5593 5595 5588 5596 5597 5601 5592 5592 5600 5600 5592 5600 5592 5592 5592 5592 5606 5571 5589 5607 5607 5596 5607 5607 5592 5596 5589 5593 5592 5582 5565
5473 5475 5440 5466 5454 5443 5437 5467 5473 5465 5510 5501 5524 5493 5509 5491 5501 5538 5531 5507 5552 5517 5538 5528 5503 5524 5510 5543 5544 5535 5529 5567 5535 5530 5576 5539 5550 5536 5536 5575 5576 5597 5582 5570 5580 5573 5593 5584 5554 5586 5592 5590 5592 5557 5592 5588 5601 5601 5600 5600 5600 5600 5579 5600 5600 5582 5592 5592 5582 5589 5650 5609 5609 5635 5635 5605 5595 5602 5602 5595 5582 5601 5570 5554
5453 5442 5451 5437 5450 5446 5471 5494 5510 5480 5489 5484 5494 5499 5490 5520 5525 5510 5531 5529 5508 5504 5494 5519 5533 5543 5521 5534 5544 5567 5567 5541 5546 5530 5567 5536 5536 5570 5565 5585 5596 5589 5573 5600 5594 5575 5596 5593 5579 5557 5593 5593 5592 5594 5618 5584 5606 5598 5601 5597 5609 5602 5594 5620 5612 5614 5604 5609 5627 5638 5628 5626 5620 5611 5603 5625 5624 5595 5617 5594 5602 5591 5591 5572
5461 5463 5441 5454 5467 5472 5467 5487 5478 5492 5472 5481 5479 5491 5509 5510 5516 5519 5529 5515 5510 5517 5517 5543 5528 5543 5534 5540 5537 5547 5537 5561 5536 5577 5574 5546 5576 5585 5591 5585 5597 5577 5564 5575 5600 5592 5596 5600 5600 5578 5600 5609 5615 5605 5634 5604 5631 5629 5612 5643 5646 5630 5636 5620 5639 5639 5617 5601 5617 5637 5617 5603 5609 5609 5593 5594 5606 5580 5620 5590 5591 5577 5599 5593
5465 5437 5435 5458 5465 5458 5496 5478 5502 5493 5495 5490 5490 5504 5519 5507 5498 5529 5514 5510 5542 5543 5529 5528 5515 5535 5540 5567 5545 5553 5551 5536 5566 5586 5561 5585 5596 5576 5591 5591 5608 5564 5600 5601 5563 5572 5615 5596 5608 5589 5596 5614 5622 5615 5614 5621 5621 5624 5620 5621 5621 5613 5630 5617 5637 5617 5590 5626 5600 5585 5600 5600 5638 5598 5582 5599 5586 5581 5585 5591 5576 5587 5593 5623
5442 5435 5435 5465 5456 5475 5487 5498 5513 5505 5490 5499 5513 5507 5512 5510 5528 5513 5513 5530 5513 5516 5506 5524 5544 5537 5551 5577 5542 5534 5543 5525 5536 5586 5587 5591 5595 5607 5568 5609 5564 5554 5599 5578 5615 5589 5605 5620 5616 5615 5614 5631 5624 5619 5639 5619 5619 5621 5602 5622 5615 5602 5603 5617 5646 5622 5622 5635 5636 5617 5591 5626 5646 5646 5614 5602 5602 5586 5611 5618 5617 5618 5598 5576
5435 5447 5455 5486 5496 5480 5504 5511 5494 5499 5497 5507 5517 5501 5537 5528 5529 5514 5524 5548 5536 5525 5525 5537 5546 5546 5551 5534 5524 5535 5544 5572 5568 5583 5582 5582 5587 5559 5556 5590 5563 5576 5591 5571 5617 5615 5629 5603 5603 5630 5603 5630 5609 5632 5618 5618 5625 5628 5629 5637 5601 5647 5620 5643 5632 5613 5600 5653 5640 5618 5617 5641 5626 5641 5609 5622 5629 5629 5610 5647 5582 5611 5611 5626
5480 5455 5469 5493 5483 5506 5500 5489 5484 5477 5512 5507 5518 5537 5521 5528 5519 5510 5537 5544 5512 5543 5546 5548 5529 5559 5553 5552 5558 5529 5596 5588 5575 5588 5580 5593 5565 5573 5614 5615 5605 5579 5623 5607 5614 5635 5634 5618 5617 5592 5631 5621 5632 5638 5614 5631 5630 5612 5619 5610 5603 5628 5609 5627 5627 5630 5604 5639 5618 5647 5630 5629 5642 5606 5616 5613 5641 5626 5614 5595 5611 5611 5611 5585
