rasters/Clipped_Flanders/FlandersBio18.asc
ncols        404
nrows        99
xllcorner    2.541666656550
yllcorner    50.683333250650
cellsize     0.008333333300
NODATA_value -9999
[rows 42 to 83 of 99, columns 282 to 375 of 404]
208 208 209 208 209 209 209 209 209 209 210 210 210 210 210 211 211 211 212 211 212 213 213 213 214 215 214 214 214 215 216 216 216 217 216 217 217 218 218 218 219 219 219 219 220 221 220 221 221 221 221 221 221 221 221 221 221 221 221 221 221 221 221 221 220 220 219 219 220 219 219 219 219 219 219 219 219 220 218 218 218 218 218 218 217 217 217 216 216 216 216 216 216 217
208 208 208 208 209 209 209 209 209 209 210 210 210 210 210 211 211 211 212 212 213 213 213 213 214 214 214 214 215 216 216 216 216 216 216 217 217 218 218 219 219 220 220 220 221 221 221 221 221 221 221 221 221 221 221 221 221 221 221 221 221 221 221 221 221 221 221 220 220 220 220 220 219 221 221 220 219 218 218 218 218 218 218 218 218 219 218 216 216 217 217 217 217 217
209 209 209 209 209 209 209 209 209 209 210 210 210 210 211 211 211 211 212 212 213 213 213 213 214 214 214 214 216 216 216 216 217 217 217 217 218 218 218 219 220 220 221 221 221 221 221 221 221 221 221 221 221 221 224 221 221 221 221 221 221 221 221 222 221 221 222 222 221 221 221 219 221 221 221 221 221 221 221 220 220 221 219 219 219 219 219 219 218 217 217 217 217 217
207 208 208 208 209 209 209 209 209 209 209 210 210 211 211 211 211 212 212 213 213 213 214 214 214 214 214 214 216 216 216 217 217 217 218 218 218 218 221 220 221 221 221 221 221 223 224 224 224 221 224 224 224 224 224 224 222 222 222 222 221 222 222 222 222 222 222 222 222 222 221 221 221 221 221 221 221 221 221 221 221 221 221 221 221 219 219 219 219 218 218 218 218 217
209 207 209 208 209 209 209 209 209 209 209 210 210 210 211 211 211 212 212 213 213 213 213 213 213 214 214 215 216 216 216 216 217 218 218 219 219 220 221 221 221 221 221 221 224 224 224 224 224 224 224 224 224 224 224 224 223 223 222 222 222 222 222 222 222 222 222 222 222 222 222 221 221 221 221 221 221 221 221 221 221 222 222 222 222 221 222 221 219 219 218 218 218 218
206 206 207 208 209 209 209 209 209 209 209 210 210 210 211 212 212 213 213 213 213 213 213 213 214 214 214 215 216 216 216 217 218 218 219 219 219 221 222 221 221 221 222 224 224 224 224 224 224 224 224 224 225 224 224 224 224 224 223 223 224 222 222 222 222 222 222 222 222 222 222 221 221 221 221 221 222 222 221 222 222 222 222 222 222 222 221 221 221 220 219 219 218 218
206 206 208 209 208 209 209 209 209 209 209 210 210 210 214 210 212 212 213 213 213 213 213 213 213 214 214 215 216 216 216 218 219 219 219 220 221 221 221 221 221 221 222 221 224 224 224 224 224 224 224 224 224 224 224 224 224 224 225 225 223 223 223 223 223 223 222 222 222 222 222 222 222 221 221 222 222 222 222 222 222 222 222 222 222 222 222 221 222 223 222 221 220 220
206 206 208 209 208 209 209 209 209 209 209 210 210 210 210 212 212 212 213 213 213 213 213 213 213 214 215 216 216 216 216 218 219 219 219 218 219 219 221 221 221 221 221 221 224 224 224 225 226 226 226 224 224 224 224 226 224 224 224 223 223 223 223 223 224 224 224 224 224 224 223 224 223 223 222 222 222 222 222 222 222 222 224 222 222 222 222 222 223 223 223 224 221 220
208 206 208 208 208 209 209 209 209 209 210 210 210 210 210 211 212 212 213 213 213 213 213 213 214 214 216 216 216 216 217 218 218 218 218 218 219 220 221 221 221 221 221 224 224 224 224 224 226 224 224 224 225 225 224 224 224 225 225 225 225 224 224 224 224 224 224 224 224 224 224 224 224 224 223 223 224 224 223 223 222 222 222 222 222 224 222 223 223 224 224 224 222 221
206 206 207 209 208 209 209 209 210 209 210 210 210 210 210 212 212 212 213 213 213 213 213 214 214 215 216 216 216 216 216 218 218 218 219 218 219 219 221 221 221 221 224 224 224 224 223 224 224 224 225 226 225 225 225 225 225 225 225 226 225 225 225 224 224 224 224 224 224 224 224 224 224 224 224 224 224 224 223 223 223 222 224 223 224 224 223 224 224 224 223 221 220 219
206 208 209 208 208 209 209 209 209 209 210 210 210 210 210 212 212 213 213 213 213 213 213 213 214 216 216 216 216 216 216 218 218 218 218 219 219 220 221 221 221 221 221 221 222 222 222 224 224 225 226 227 227 225 225 225 225 225 225 225 225 225 225 225 224 224 224 224 224 224 224 224 224 224 224 224 224 224 225 225 224 224 224 224 225 224 224 223 223 222 221 221 220 225
208 209 209 209 209 209 210 209 209 209 210 210 210 210 212 212 212 213 213 213 216 216 216 216 215 216 216 216 216 216 216 218 218 218 218 218 219 220 221 221 221 221 221 221 222 222 222 222 224 224 225 225 224 225 225 225 225 225 225 225 225 225 225 225 225 224 224 224 224 224 224 224 224 224 225 225 225 225 225 225 225 225 225 225 226 226 224 224 224 221 221 224 224 225
209 209 211 209 209 209 209 209 209 210 210 210 210 210 213 213 212 213 213 216 216 216 216 216 216 216 215 216 216 216 216 216 217 218 218 219 220 220 220 221 221 221 221 221 221 222 224 224 222 222 223 225 225 225 226 226 225 225 225 225 225 225 225 227 225 225 225 224 224 224 225 225 225 225 225 225 226 225 225 225 225 225 225 224 224 224 223 222 222 222 223 224 225 225
207 208 208 208 209 209 209 209 209 210 212 212 213 213 213 213 213 213 213 213 216 216 216 215 215 216 216 216 216 216 216 217 218 218 218 218 219 218 220 221 221 221 221 221 221 222 222 222 222 222 222 223 226 226 225 223 224 225 225 225 225 225 227 225 225 225 225 225 225 225 225 225 226 225 225 225 225 225 225 225 225 224 224 225 224 223 223 222 224 225 225 225 225 226
207 208 208 208 209 209 209 209 211 212 212 213 213 212 212 213 215 215 216 213 216 216 216 216 216 216 216 216 216 216 217 218 219 219 219 220 219 218 220 220 221 221 221 221 222 222 222 222 222 222 222 222 223 223 222 223 224 225 225 225 225 227 227 225 226 227 226 226 225 225 225 225 227 227 225 225 225 225 225 225 225 225 226 224 223 223 223 223 225 225 225 225 225 225
207 208 208 208 208 209 209 209 212 212 211 212 212 211 212 213 213 213 213 213 213 213 213 213 215 216 216 216 216 216 219 220 221 220 221 218 218 220 220 220 220 221 221 224 222 222 222 222 222 222 222 222 222 222 222 222 225 225 225 224 225 225 227 226 227 227 227 227 225 225 225 225 225 225 226 225 225 225 226 227 227 227 224 226 223 223 225 225 225 227 228 225 225 225
207 208 208 208 208 209 209 209 209 210 210 211 211 211 212 213 213 213 213 213 213 213 213 214 216 216 216 216 219 219 219 219 221 218 218 218 218 219 219 220 220 220 221 221 221 222 222 222 222 222 222 222 222 222 222 224 224 224 223 224 224 225 225 226 227 227 227 226 225 225 225 225 225 227 225 226 225 225 227 227 227 227 224 224 224 225 225 225 225 225 225 228 227 227
208 208 209 208 208 208 209 209 210 210 210 210 211 211 211 213 213 213 213 213 213 213 213 215 216 218 216 217 217 218 219 218 218 217 218 218 218 219 221 221 220 220 221 221 221 222 222 222 222 222 222 222 222 222 222 222 224 223 223 223 224 224 226 226 226 226 226 226 226 225 225 225 225 225 225 225 225 227 230 227 227 224 224 225 225 226 227 228 228 228 227 227 227 225
208 208 208 208 208 208 208 209 210 210 210 210 210 211 212 213 213 213 213 213 213 213 214 216 216 216 216 216 217 217 217 217 217 217 218 218 218 220 219 220 220 221 221 220 221 222 222 222 222 222 222 222 222 222 222 222 223 223 223 224 224 227 226 224 224 225 225 227 227 228 225 225 225 225 225 225 225 226 227 225 225 224 225 227 226 227 227 228 227 227 228 227 225 222
207 207 208 208 208 208 209 211 211 211 213 211 211 211 211 216 217 218 216 216 214 214 216 216 216 216 216 217 217 217 217 217 217 218 218 218 222 221 220 220 221 221 220 220 222 222 222 222 222 222 222 222 222 222 222 222 223 223 223 223 224 223 224 225 226 227 226 226 225 225 227 225 225 226 225 225 225 226 225 226 227 227 227 227 228 225 227 227 226 227 226 227 222 222
208 208 208 208 209 209 212 213 212 211 213 212 212 214 211 213 213 213 213 213 213 213 213 215 216 216 217 216 216 216 217 218 219 223 223 221 220 219 219 219 219 220 220 222 222 222 222 222 222 222 222 222 222 222 222 222 223 223 223 223 223 223 224 224 227 228 228 228 225 225 225 225 225 226 225 225 226 225 225 227 227 227 227 228 227 225 225 226 227 228 227 227 222 221
208 208 208 208 209 210 213 213 213 214 213 213 213 215 216 216 216 213 213 213 214 214 214 214 214 216 216 216 216 217 217 217 217 218 218 217 218 219 219 219 220 220 221 222 220 221 222 222 222 222 222 222 222 222 222 222 223 223 223 223 223 223 223 224 225 226 225 225 227 225 225 225 225 227 227 227 227 226 226 227 228 228 228 228 228 227 228 228 227 226 227 225 222 221
208 208 208 208 209 212 214 215 217 216 214 213 216 216 216 216 216 213 213 213 214 214 214 214 216 216 216 216 217 217 218 217 217 217 217 217 218 219 219 219 219 219 219 219 219 221 221 220 222 222 222 222 222 222 222 222 222 223 223 223 223 223 223 224 223 224 225 225 227 225 225 225 225 227 227 227 227 226 226 227 227 228 228 228 228 228 228 228 226 222 223 223 223 221
208 208 209 212 212 212 213 212 213 213 213 213 213 213 216 216 213 213 213 213 216 216 214 214 214 214 216 216 216 217 217 217 217 217 217 217 219 219 219 219 219 219 219 219 219 219 219 220 221 222 220 222 222 222 222 222 222 223 223 223 223 223 223 224 224 223 225 224 225 225 225 225 225 228 227 227 229 229 229 229 227 228 228 228 228 228 228 228 227 228 227 223 223 220
208 208 209 211 211 214 213 212 211 213 213 213 213 213 213 213 215 215 215 216 218 219 219 216 216 214 216 216 216 216 217 217 217 217 217 219 219 219 219 219 219 219 219 219 219 220 220 219 220 220 220 222 222 222 222 222 222 223 223 223 223 223 223 223 224 223 223 223 224 224 225 225 228 228 228 227 229 229 229 228 228 229 228 228 228 228 228 228 228 223 224 223 223 221
208 208 208 209 211 211 211 211 213 213 213 213 213 216 216 219 217 219 219 219 217 217 217 216 216 216 216 216 217 217 217 217 217 217 217 219 219 219 219 219 219 219 219 219 221 221 222 221 220 220 220 221 220 221 221 221 221 221 222 222 223 223 223 222 222 223 222 222 222 223 223 225 225 227 228 228 229 229 229 228 228 229 228 228 229 230 229 229 228 229 223 223 223 220
208 208 209 211 211 211 213 213 214 217 217 216 213 214 219 216 216 219 219 219 216 216 216 216 216 216 216 216 217 217 217 217 218 217 217 219 219 219 219 219 219 219 219 219 221 221 222 222 222 222 222 222 221 220 221 221 221 221 221 222 222 222 222 222 222 223 223 222 222 223 223 225 225 225 229 228 229 229 228 228 229 230 230 228 228 231 230 230 229 224 223 223 223 222
211 211 212 211 211 212 217 217 217 217 216 213 214 216 219 219 216 216 216 216 217 216 216 215 216 216 216 217 217 217 217 217 219 219 218 219 219 219 219 219 219 219 219 219 220 221 222 222 222 222 222 222 222 223 223 223 223 221 222 222 222 222 222 222 222 222 222 222 222 222 223 223 224 224 226 226 227 226 229 228 228 228 228 228 228 228 229 229 229 223 223 223 223 222
214 215 215 216 217 217 214 213 214 214 213 213 215 216 216 216 216 217 217 216 216 215 214 217 217 216 217 217 217 217 217 217 219 219 219 219 219 219 219 219 219 219 219 219 220 220 221 222 222 222 223 223 223 223 223 223 223 223 223 223 222 222 222 222 222 222 222 222 222 223 223 223 223 226 224 224 226 226 226 226 228 228 228 228 229 229 229 230 225 224 223 223 223 222
213 214 214 214 214 216 214 214 213 213 213 214 216 216 216 215 217 217 214 214 214 217 217 217 217 217 217 217 217 217 217 217 217 219 220 220 220 220 220 220 220 221 221 221 221 220 220 222 222 222 222 223 223 223 223 223 223 223 223 225 223 223 222 222 222 222 222 222 222 223 225 225 223 223 224 224 225 225 225 228 226 228 228 228 231 230 231 231 231 227 224 223 223 223
211 214 214 215 214 214 214 214 214 215 216 217 217 216 216 215 214 214 214 214 216 218 218 217 219 217 217 217 217 217 217 217 217 220 220 220 221 221 221 221 222 222 222 222 221 220 220 222 223 223 223 223 223 224 224 225 224 225 225 225 225 225 225 224 224 222 222 222 222 223 223 223 223 223 224 223 224 225 225 225 225 227 229 231 230 230 231 231 226 226 225 223 223 223
212 214 214 214 214 214 214 216 216 215 215 215 215 215 216 214 213 214 214 215 215 217 218 219 218 217 217 217 217 217 217 217 217 218 220 221 222 222 222 221 222 222 222 222 222 221 221 221 221 220 223 223 225 226 226 225 224 225 225 225 225 225 225 225 224 224 223 223 223 223 223 223 223 223 223 223 223 225 223 225 225 225 227 229 230 231 231 227 226 226 226 223 223 223
214 214 216 216 216 216 216 216 214 214 214 213 213 213 213 213 214 215 216 216 217 219 219 218 217 217 217 217 217 217 217 217 218 219 220 221 222 222 222 221 222 224 223 222 222 223 222 222 222 221 221 221 223 223 222 223 223 223 223 225 224 224 224 225 225 225 224 223 223 223 223 223 223 223 223 223 225 223 224 225 226 225 228 229 231 230 228 226 226 226 226 225 225 225
214 216 214 214 214 215 215 216 216 215 213 213 212 213 215 214 215 215 217 220 219 218 217 217 217 217 217 217 217 217 217 217 218 218 219 220 221 222 222 222 224 224 222 222 223 223 222 222 222 222 222 223 223 223 223 223 222 223 223 223 222 222 223 224 224 225 225 224 223 224 226 224 225 226 223 223 226 225 227 225 226 228 228 228 228 228 228 226 226 226 226 226 225 223
214 212 215 214 214 213 213 213 215 213 213 213 212 214 215 215 217 217 217 217 217 217 217 216 216 216 216 217 217 217 217 217 218 218 218 219 220 221 223 225 225 225 225 224 223 223 222 222 223 223 222 223 223 223 223 223 223 223 223 223 223 223 223 224 224 225 225 225 225 225 227 228 226 226 226 225 226 226 228 228 228 228 228 228 228 229 229 229 229 227 226 226 226 225
212 212 212 212 214 212 212 212 212 212 212 214 213 214 215 215 217 215 216 215 215 215 215 216 216 216 217 217 217 217 217 217 218 218 219 219 221 222 225 225 223 223 223 223 222 222 223 223 223 223 223 223 223 223 223 224 225 224 225 224 224 224 224 224 224 225 225 225 226 226 229 229 226 226 226 228 228 229 231 231 230 230 230 229 229 229 228 227 227 227 226 226 226 226
211 212 211 212 211 211 212 212 213 213 214 214 214 215 215 215 215 215 215 215 215 215 214 214 216 216 217 217 218 217 217 218 218 218 218 220 219 220 221 222 222 222 222 223 223 223 223 223 223 223 223 223 223 223 223 225 226 226 225 225 225 225 225 224 226 226 227 226 226 229 229 229 226 226 228 230 229 228 231 231 231 231 231 231 229 228 228 229 229 226 229 228 227 226
211 211 211 212 212 212 215 215 215 215 215 215 216 215 215 215 217 215 214 214 214 214 214 215 215 215 216 217 217 218 218 218 218 218 220 219 221 221 221 222 222 221 221 223 223 223 223 223 223 223 223 223 223 223 223 225 226 226 226 227 226 225 224 224 228 228 227 226 226 230 232 229 226 226 228 231 231 229 231 232 234 234 231 231 231 230 229 229 229 230 229 229 229 228
211 212 212 212 215 214 215 215 215 213 214 215 215 215 215 215 214 214 214 214 214 214 215 216 215 216 216 217 217 218 218 218 218 219 219 220 221 221 221 221 221 221 221 222 223 223 223 223 223 223 223 223 223 223 223 224 226 226 227 228 227 225 225 225 228 229 229 228 228 232 229 229 226 226 228 229 231 231 231 234 231 231 231 231 229 229 230 230 230 229 229 229 229 226
214 215 215 215 215 215 215 215 215 215 215 214 214 213 214 214 214 214 214 214 216 216 216 216 216 216 217 217 218 218 218 218 218 219 219 221 219 221 221 221 221 221 221 221 223 223 223 224 226 226 226 223 223 224 225 224 226 227 227 230 227 225 227 226 228 231 231 229 233 232 230 229 228 228 228 229 229 229 231 231 231 231 229 229 229 231 231 231 230 229 229 229 230 226
214 214 214 215 215 215 215 216 215 215 214 213 212 213 213 214 214 215 217 216 216 216 216 216 216 216 217 218 218 218 220 220 219 220 221 221 221 221 221 221 221 221 221 223 223 224 226 226 226 226 224 223 224 226 226 226 228 231 230 227 225 228 228 228 227 229 231 232 233 234 233 232 229 229 228 229 229 229 231 231 231 231 231 231 231 232 231 232 232 231 229 231 233 226
213 212 212 214 213 215 212 212 213 212 212 212 213 214 214 214 214 217 217 216 216 216 216 216 217 217 218 218 218 218 220 221 220 221 221 221 223 223 222 222 221 221 224 224 224 226 224 225 223 223 223 226 226 227 227 229 231 230 228 227 227 226 230 230 229 228 229 229 233 232 230 229 229 229 231 230 231 230 232 234 233 234 234 232 234 233 233 233 232 232 233 235 235 226
